# number_of_header_lines: 46
# comment:  
# comment:  ************ USE OF GML DATA ****************
# comment:  
# comment: These data are made freely available to the public and the scientific
# comment: community in the belief that their wide dissemination will lead to
# comment: greater understanding and new scientific insights. To ensure that GML
# comment: receives fair credit for their work please include relevant citation
# comment: text in publications. We encourage users to contact the data providers,
# comment: who can provide detailed information about the measurements and
# comment: scientific insight.  In cases where the data are central to a
# comment: publication, coauthorship for data providers may be appropriate.
# comment: 
# comment: 
# comment: Please see accompanying README file, if available, for citation text.
# comment:  
# comment: Every effort is made to produce the most accurate and precise
# comment: measurements possible.  However, we reserve the right to make
# comment: corrections to the data based on recalibration of standard gases
# comment: or for other reasons deemed scientifically justified.
# comment: 
# comment: We are not responsible for results and conclusions based on use
# comment: of these data without regard to this warning.
# comment: 
# contact_parameter: CH4 CCGG (Individual Flasks)
# contact_name: Xin Lan
# contact_telephone: (999) 999-9999
# contact_email: xin.lan@noaa.gov
# comment: 
# comment:  ************ RECIPROCITY AGREEMENT ***************
# comment: 
# comment:
# comment:  ************ DATA DESCRIPTION ***************
# comment:
# description_site-code: poc000
# description_project-abbr: ccg_surface
# description_strategy-abbr: flask
# description_analysis-constraints: flag:..%
# description_creation-time: 2025-08-15 10:17:25
# comment:
# comment:  ************ DATA DOCUMENTATION ***************
# comment:
# comment: Please refer to the species-specific README file in the
# comment: appropriate directory folder at https://gml.noaa.gov/aftp/data/trace_gases/.
# comment:
# data_fields: site year month value
000 1986 12  1661.69
000 1987  1  1663.77
000 1987  2  1662.85
000 1987  3  1664.75
000 1987  4  1667.99
000 1987  5  1662.51
000 1987  6  1649.65
000 1987  7  1643.25
000 1987  8  1649.80
000 1987  9  1655.10
000 1987 10  1653.75
000 1987 11  1655.16
000 1987 12  1652.20
000 1988  1  1663.04
000 1988  2  1688.12
000 1988  3  1684.87
000 1988  4  1670.17
000 1988  5  1666.03
000 1988  6  1664.35
000 1988  7  1662.09
000 1988  8  1659.40
000 1988 12  1690.22
000 1989  1  1694.70
000 1989  2  1708.84
000 1989  3  1714.47
000 1989  4  1699.43
000 1989  5  1680.34
000 1989  6  1672.32
000 1989  7  1680.85
000 1989  8  1684.45
000 1989  9  1674.38
000 1989 10  1678.47
000 1989 11  1685.06
000 1989 12  1683.60
000 1990  1  1691.85
000 1990  2  1704.08
000 1990  3  1708.33
000 1990  4  1693.93
000 1990  5  1683.32
000 1990  6  1680.96
000 1990  7  1679.71
000 1990  8  1687.73
000 1990  9  1688.96
000 1990 10  1682.13
000 1990 11  1682.58
000 1990 12  1688.89
000 1991  1  1696.03
000 1991  2  1696.17
000 1991  3  1692.98
000 1991  4  1694.53
000 1991  5  1692.07
000 1991  6  1688.43
000 1991  7  1690.14
000 1991  8  1692.54
000 1991  9  1695.71
000 1991 10  1699.47
000 1991 11  1712.40
000 1991 12  1719.06
000 1992  1  1717.72
000 1992  2  1729.61
000 1992  3  1734.36
000 1992  4  1715.51
000 1992  5  1697.36
000 1992  6  1696.37
000 1992  7  1702.25
000 1992  8  1707.44
000 1992  9  1707.38
000 1992 10  1703.27
000 1992 11  1704.36
000 1992 12  1709.95
000 1993  1  1711.72
000 1993  2  1716.87
000 1993  3  1727.99
000 1993  4  1724.94
000 1993  5  1702.11
000 1993  6  1697.97
000 1993  7  1706.86
000 1993  8  1703.84
000 1993  9  1707.25
000 1993 10  1715.60
000 1993 11  1714.42
000 1993 12  1713.43
000 1994  4  1736.45
000 1994  5  1726.09
000 1994  6  1723.10
000 1994  7  1718.40
000 1994  8  1709.65
000 1994  9  1708.40
000 1994 10  1712.59
000 1994 11  1719.74
000 1994 12  1735.46
000 1995  1  1750.03
000 1995  2  1741.86
000 1995  3  1727.15
000 1995  4  1721.02
000 1995  5  1718.53
000 1995  6  1719.99
000 1995  7  1720.82
000 1995  8  1723.27
000 1995  9  1727.76
000 1995 10  1724.06
000 1995 11  1723.22
000 1995 12  1730.20
000 1996  1  1726.76
000 1996  2  1728.44
000 1996  3  1746.31
000 1996  4  1734.99
000 1996  5  1720.28
000 1996  6  1726.43
000 1996  7  1723.13
000 1996  8  1720.06
000 1996  9  1722.43
000 1996 10  1725.07
000 1996 11  1731.36
000 1996 12  1736.43
000 1997  1  1735.53
000 1997  2  1738.77
000 1997  3  1742.33
000 1997  4  1728.31
000 1997  5  1723.57
000 1997  6  1724.01
000 1997  7  1722.57
000 1997  8  1720.76
000 1997  9  1717.26
000 1997 10  1730.85
000 1998  4  1778.43
000 1998  5  1755.51
000 1998  6  1744.04
000 1998  7  1731.78
000 1998  8  1726.26
000 1998  9  1733.18
000 1998 10  1737.68
000 1998 11  1741.86
000 1998 12  1747.12
000 1999  1  1749.39
000 1999  2  1757.68
000 1999  3  1768.35
000 1999  4  1758.60
000 1999  5  1739.53
000 1999  6  1741.20
000 1999  7  1749.11
000 1999  8  1747.08
000 1999  9  1744.47
000 1999 10  1745.52
000 1999 11  1748.08
000 1999 12  1749.32
000 2000  1  1752.78
000 2000  2  1761.92
000 2000  3  1765.91
000 2000  4  1757.04
000 2000  5  1747.05
000 2000  6  1745.90
000 2000  7  1744.05
000 2000  8  1741.39
000 2000  9  1742.56
000 2000 10  1745.32
000 2002  3  1750.46
000 2002  4  1756.09
000 2002  5  1747.66
000 2002  6  1740.44
000 2002  7  1747.09
000 2002  8  1749.30
000 2002  9  1744.66
000 2002 10  1747.35
000 2002 11  1751.12
000 2002 12  1751.80
000 2003  1  1754.50
000 2003  2  1754.40
000 2003  3  1746.14
000 2003  4  1739.71
000 2003  5  1740.23
000 2003  6  1742.64
000 2003  7  1749.46
000 2003  8  1755.36
000 2003  9  1751.45
000 2003 10  1748.82
000 2003 11  1749.47
000 2003 12  1756.49
000 2004  1  1758.79
000 2004  2  1759.29
000 2004  3  1765.77
000 2004  4  1760.71
000 2004  5  1751.06
000 2004  6  1748.86
000 2004  7  1749.66
000 2004  8  1750.63
000 2004  9  1749.59
000 2004 10  1746.70
000 2004 11  1748.93
000 2004 12  1755.40
000 2005  1  1764.24
000 2005  2  1766.75
000 2005  3  1750.85
000 2005  4  1740.86
000 2005  5  1737.63
000 2005  6  1738.77
000 2005  7  1745.25
000 2005  8  1745.95
000 2005  9  1742.59
000 2005 10  1744.19
000 2005 11  1754.56
000 2005 12  1755.52
000 2006  1  1757.71
000 2006  2  1773.37
000 2006  3  1775.17
000 2006  4  1757.13
000 2006  5  1744.27
000 2006  6  1741.01
000 2006  7  1744.69
000 2006  8  1748.57
000 2006  9  1749.47
000 2006 10  1745.16
000 2006 11  1743.53
000 2006 12  1747.40
000 2007  1  1747.10
000 2007  2  1753.11
000 2007  3  1770.08
000 2007  4  1768.03
000 2007  5  1758.32
000 2007  6  1753.57
000 2007  7  1751.91
000 2007  8  1756.05
000 2007  9  1758.98
000 2007 10  1756.22
000 2007 11  1757.48
000 2007 12  1755.32
000 2008  1  1754.57
000 2008  2  1755.80
000 2008  3  1753.90
000 2008  4  1757.60
000 2008  5  1754.73
000 2008  6  1756.71
000 2008  7  1763.74
000 2008  8  1762.23
000 2008  9  1757.40
000 2008 10  1757.91
000 2008 11  1763.17
000 2008 12  1762.15
000 2009  1  1774.79
000 2009  2  1806.69
000 2009  3  1805.97
000 2009  4  1787.92
000 2009  5  1780.87
000 2009  6  1779.77
000 2009  7  1777.98
000 2009  8  1770.51
000 2009  9  1768.46
000 2009 10  1763.81
000 2009 11  1759.83
000 2009 12  1764.29
000 2010  1  1767.67
000 2010  2  1770.49
000 2010  3  1768.68
000 2010  4  1762.60
000 2010  5  1761.47
000 2010  6  1765.54
000 2010  7  1769.57
000 2010  8  1771.21
000 2010  9  1772.27
000 2010 10  1776.91
000 2010 11  1782.75
000 2010 12  1782.34
000 2011  1  1779.52
000 2011  2  1780.74
000 2011  3  1777.53
000 2011  4  1774.43
000 2011  5  1778.39
000 2011  6  1779.35
000 2011  7  1778.88
000 2011  8  1777.53
000 2011  9  1775.21
000 2011 10  1782.44
000 2011 11  1793.79
000 2011 12  1790.28
000 2012  1  1786.02
000 2014 11  1798.21
000 2014 12  1799.68
000 2015  1  1801.69
000 2015  2  1814.15
000 2015  3  1813.29
000 2015  4  1797.26
000 2015  5  1791.61
000 2015  6  1794.47
000 2015  7  1796.40
000 2015  8  1798.44
000 2015  9  1800.04
000 2015 10  1805.91
000 2015 11  1809.22
000 2015 12  1810.08
000 2016  1  1822.87
000 2016  2  1839.69
000 2016  3  1842.01
000 2016  4  1828.52
000 2016  5  1812.33
000 2016  6  1812.02
000 2016  7  1814.28
000 2016  8  1810.89
000 2016  9  1812.99
000 2016 10  1814.00
000 2016 11  1812.60
000 2016 12  1818.00
000 2017  1  1836.97
000 2017  2  1846.97
000 2017  3  1843.84
000 2017  4  1842.63
000 2017  5  1831.46
000 2017  6  1819.10
