2005.300462329 -81.380
2005.319431126 -81.560
2005.377049087 -81.686
2005.396636225 -82.788
2005.418173516 -82.270
2005.434453957 -82.849
2005.472792998 -76.499
2005.511130137 -76.746
2005.588078387 -79.620
2005.626259513 -80.772
2005.626274734 -79.966
2005.645711568 -83.258
2005.645730594 -83.590
2005.665203577 -81.090
2005.665226408 -83.595
2005.684583333 -83.892
2005.705842846 -86.280
2005.705859970 -85.162
2005.727773973 -82.785
2005.741552511 -85.642
2005.741571537 -84.524
2005.763523592 -83.892
2005.763540715 -85.529
2005.780138889 -83.313
2005.780184551 -85.542
2005.799385464 -85.279
2005.823991629 -82.745
2005.837621766 -89.116
2005.837642694 -88.012
2005.856938737 -86.641
2005.856952055 -83.612
2005.875998858 -83.916
2005.876015982 -83.143
2005.895036149 -84.785
2005.895051370 -84.701
2005.914695586 -85.440
2005.936657154 -86.797
2005.936676180 -87.189
2005.958162100 -88.147
2005.958177321 -86.207
2005.971653349 -84.365
2005.971674277 -84.170
2005.990880898 -87.245
2005.990903729 -89.196
2006.015778158 -87.599
2006.032182268 -83.512
2006.053976408 -82.157
2006.068335236 -81.037
2006.087142314 -84.214
2006.130473744 -83.079
2006.130496575 -84.708
2006.147490487 -84.685
2006.183125951 -82.995
2006.183146880 -87.112
2006.202229833 -86.350
2006.245926560 -82.077
2006.245943683 -82.309
2006.278879376 -82.707
2006.298047945 -74.940
2006.317380137 -75.409
2006.317399163 -81.254
2006.355487062 -79.712
2006.355506088 -77.469
2006.379946728 -83.815
2006.379965753 -81.915
2006.394012557 -82.524
2006.394037291 -79.992
2006.413044140 -80.364
2006.413070776 -80.112
2006.432102359 -80.205
2006.432121385 -83.655
2006.456900685 -81.753
2006.456923516 -81.975
2006.470650685 -74.570
2006.470675419 -78.610
2006.489876332 -82.094
2006.489899163 -80.721
2006.513968798 -78.912
2006.513989726 -82.754
2006.527810122 -81.518
2006.566103501 -80.544
2006.585306317 -80.493
2006.585332953 -79.698
2006.604476788 -82.131
2006.604503425 -78.514
2006.643255327 -82.527
2006.665829528 -83.109
2006.665865677 -82.362
2006.684977169 -85.136
2006.685024734 -82.967
2006.705812405 -83.856
2006.722656012 -84.122
2006.722684551 -84.423
2006.744746956 -85.144
2006.758894597 -82.933
2006.758919330 -84.316
2006.779828767 -82.022
2006.779931507 -81.029
2006.796375571 -82.221
2006.796400304 -82.958
2006.815856164 -79.244
2006.815880898 -84.469
2006.873495053 -78.528
2006.892635084 -74.642
2006.911719939 -82.928
2006.936421233 -81.810
2006.974366438 -82.078
2006.988544521 -84.031
2006.988574962 -82.231
2007.051156773 -82.201
2007.161286149 -82.563
2007.180047565 -82.081
2007.319996195 -77.671
2007.333795662 -83.416
2007.396765601 -81.717
2007.434556697 -81.188
2007.448814688 -76.083
2007.508919330 -80.083
2007.530781963 -82.344
2007.549984779 -82.849
2007.563692922 -79.630
2007.607574201 -82.867
2007.739141933 -83.669
2007.774670852 -86.746
2007.793928843 -80.737
2007.834988584 -83.788
2007.851563927 -87.868
2007.873474125 -84.363
2007.947831050 -86.355
2008.024106330 -89.359
2008.024136688 -86.217
2008.040412492 -87.509
2008.061938373 -88.861
2008.061963039 -86.198
2008.080855343 -84.229
2008.080878112 -84.844
2008.100110049 -86.499
2008.100130920 -84.776
2008.116892456 -84.524
2008.116915225 -84.581
2008.144203476 -86.803
2008.157883652 -89.070
2008.195983227 -85.833
2008.234223209 -83.751
2008.234242183 -84.000
2008.253390634 -82.203
2008.253409608 -83.251
2008.272476472 -84.448
2008.272493549 -80.939
2008.291780510 -83.248
2008.313543564 -83.029
2008.313564435 -83.584
2008.332612325 -85.288
2008.368235808 -79.476
2008.368268063 -80.844
2008.425567319 -81.239
2008.444734745 -76.943
2008.486143367 -83.421
2008.486168033 -81.072
2008.507517456 -81.355
2008.519199681 -79.594
2008.521273528 -78.122
2008.540291060 -80.559
2008.540323315 -79.369
2008.559424332 -78.538
2008.559447101 -80.166
2008.578519657 -80.268
2008.578542426 -79.885
2008.597734517 -82.050
2008.616789997 -80.896
2008.638712432 -81.432
2008.638733303 -82.564
2008.655064132 -79.441
2008.655085003 -81.923
2008.679350713 -86.447
2008.679367790 -84.684
2008.692759563 -84.975
2008.717573619 -85.029
2008.731037492 -87.428
2008.731056466 -84.808
2008.750462963 -85.543
2008.769751821 -84.277
2008.788940118 -87.493
2008.788957195 -87.094
2008.807980419 -85.375
2008.827144050 -84.936
2008.827163024 -83.613
2008.851453400 -86.376
2008.865471311 -88.842
2008.884589405 -88.596
2008.884612174 -87.371
2008.903364071 -86.496
2008.903386840 -88.917
2008.922738312 -84.840
2008.922755389 -84.507
2008.944425471 -87.219
2008.944478597 -85.683
2008.963936324 -86.575
2008.963955298 -86.038
2008.979688449 -84.403
2008.979900956 -84.777
2008.999311248 -86.844
2009.021156773 -88.254
2009.061984399 -89.746
2009.062003425 -87.879
2009.075587900 -86.839
2009.113985921 -85.186
2009.114003044 -85.490
2009.136014079 -83.933
2009.136031202 -83.686
2009.152334475 -81.438
2009.152349696 -84.554
2009.177104262 -82.389
2009.196132040 -88.155
2009.209882040 -84.111
2009.209897260 -85.117
2009.231710426 -83.484
2009.248593988 -82.787
2009.305652588 -81.894
2009.330576484 -80.057
2009.349568113 -83.742
2009.349587139 -79.733
2009.387890030 -76.911
2009.421139650 -76.915
2009.483900304 -80.417
2009.497855784 -72.160
2009.541348935 -72.366
2009.574570015 -76.423
2009.596177702 -81.345
2009.631938737 -78.141
2009.631953957 -78.586
2009.711562024 -85.115
2009.727716895 -86.547
2009.785593607 -86.155
2009.823658676 -82.949
2009.881232877 -76.003
2009.939098174 -83.976
