2005.316086377 -70.632
2005.354452055 -71.738
2005.379394977 -71.715
2005.392893836 -69.697
2005.398401826 -71.722
2005.455802892 -68.551
2005.475028539 -71.150
2005.507876712 -69.359
2005.565391933 -70.519
2005.571033105 -69.181
2005.584570015 -74.516
2005.685958904 -68.992
2005.700000000 -66.945
2005.705422374 -71.939
2005.718835616 -69.830
2005.724343607 -70.973
2005.738013699 -71.990
2005.765382420 -65.679
2005.822945205 -73.450
2005.839383562 -70.786
2005.891400304 -68.525
2005.948972603 -67.511
2005.968864155 -68.168
2005.974257991 -68.748
2006.006678082 -67.313
2006.012728311 -67.701
2006.026208143 -66.908
2006.044863014 -66.680
2006.064003044 -66.792
2006.069520548 -65.487
2006.088670091 -69.321
2006.184560502 -69.194
2006.222926180 -70.934
2006.236615297 -67.521
2006.261282344 -67.845
2006.280479452 -69.955
2006.299714612 -71.047
2006.313508371 -68.026
2006.357210807 -68.636
2006.370871385 -65.847
2006.376369863 -69.404
2006.390039954 -68.947
2006.409646119 -69.995
2006.437138508 -70.526
2006.450313927 -69.649
2006.456307078 -66.753
2006.485977930 -70.497
2006.491497336 -69.428
2006.505022831 -69.057
2006.513375190 -70.791
2006.529680365 -72.656
2006.543340944 -66.411
2006.549048706 -71.897
2006.568007991 -69.562
2006.581735160 -69.214
2006.587290715 -69.376
2006.600884703 -70.918
2006.606592466 -70.961
2006.620062785 -71.345
2006.626484018 -70.129
2006.639240868 -69.821
2006.683257230 -70.273
2006.702996575 -72.741
2006.715981735 -70.285
2006.721423135 -72.140
2006.740591705 -72.587
2006.754680365 -70.427
2006.774001142 -69.248
2006.798259132 -72.728
2006.812119482 -68.976
2006.817437215 -71.054
2006.831364155 -71.563
2006.839640411 -69.770
2006.850199772 -70.272
2006.855679224 -71.194
2006.869492009 -69.542
2006.877939498 -68.116
2006.888907915 -67.966
2006.908066971 -69.506
2006.913194444 -63.346
2006.926997717 -66.994
2007.003633942 -68.398
2007.022802511 -69.804
2007.028339041 -68.872
2007.080336758 -65.853
2007.085816210 -65.337
2007.099524353 -71.066
2007.118892694 -67.208
2007.124543379 -68.358
2007.143493151 -67.050
2007.201617199 -66.613
2007.259284627 -73.002
2007.277682648 -70.319
2007.387186073 -69.847
2007.392694064 -69.493
2007.431421233 -67.369
2007.463964992 -70.189
2007.617399163 -79.060
2007.622802511 -68.650
2007.737871005 -71.110
2007.757039574 -69.154
2007.790249239 -70.390
2007.795395738 -71.918
2007.828510274 -69.855
2007.833751903 -69.097
2007.872136606 -74.219
2007.885930365 -68.268
2008.020036430 -70.742
2008.025472450 -68.586
2008.077385018 -64.747
2008.082849499 -70.709
2008.096653005 -68.514
2008.121110352 -65.588
2008.153935185 -69.233
2008.173060868 -68.741
2008.181238616 -67.535
2008.192233986 -69.820
2008.197745902 -70.353
2008.211293260 -67.053
2008.216738767 -69.940
2008.268841075 -72.695
2008.274134791 -71.172
2008.293250987 -69.917
2008.326180176 -70.581
2008.331511840 -71.079
2008.364497951 -67.633
2008.369725258 -72.346
2008.403233151 -68.965
2008.408697632 -69.219
2008.421846539 -69.346
2008.427624089 -73.459
2008.436247723 -73.084
2008.441655282 -67.984
2008.460667122 -70.141
2008.468607696 -70.994
2008.479128719 -72.377
2008.485200364 -70.975
2008.498349271 -74.801
2008.504240665 -72.411
2008.555640938 -69.670
2008.561048497 -76.402
2008.574700213 -73.282
2008.580136233 -70.972
2008.599261916 -71.629
2008.612989526 -73.197
2008.618397086 -70.614
2008.641127808 -71.047
2008.656648452 -73.475
2008.675812083 -69.998
2008.689757893 -75.294
2008.694956740 -76.104
2008.711862477 -69.814
2008.717526184 -69.112
2008.727772086 -64.967
2008.746926230 -74.053
2008.753045310 -73.594
2008.766687538 -71.287
2008.774561703 -64.497
2008.813145112 -70.390
2008.850656497 -67.875
2008.861746736 -74.279
2008.867714026 -69.404
2008.881081132 -73.797
2008.889742714 -74.632
2008.905623862 -66.419
2008.957194900 -69.749
2008.962659381 -70.158
2008.976434426 -69.376
2008.996129326 -68.722
2009.034046804 -68.709
2009.039783105 -66.615
2009.091295662 -67.692
2009.097098554 -66.407
2009.110587900 -69.097
2009.116638128 -68.214
2009.148944064 -67.376
2009.157229833 -69.740
2009.171518265 -68.800
2009.209246575 -65.871
2009.212690259 -67.898
2009.226312785 -71.177
2009.234360731 -62.474
2009.263993531 -65.952
2009.269368341 -70.005
2009.532581811 -64.690
2009.743721461 -70.305
2009.782058600 -67.968
2009.820148402 -72.509
2009.858761416 -69.533
2009.867522831 -71.599
2009.905507991 -69.022
2010.184474886 -68.659
