2005.249221842 -84.138
2005.262933790 -86.402
2005.306078767 -82.337
2005.325268265 -85.918
2005.382802511 -92.434
2005.383390411 -92.005
2005.402214612 -81.419
2005.459509132 -80.690
2005.459952435 -82.844
2005.487579909 -82.964
2005.487661720 -81.086
2005.498023212 -80.327
2005.498611111 -79.759
2005.517273592 -80.905
2005.582943303 -94.069
2005.651417428 -85.449
2005.652045282 -86.270
2005.689733638 -90.512
2005.728087900 -87.061
2005.747397260 -87.727
2005.785648782 -95.476
2005.823934551 -90.209
2005.881546804 -86.109
2005.895350076 -84.106
2005.939197108 -83.941
2005.952792998 -86.953
2005.974714612 -87.406
2006.015831431 -90.563
2006.034994292 -84.126
2006.054356925 -85.388
2006.073904110 -84.697
2006.101295662 -86.091
2006.101350837 -84.705
2006.120424277 -86.673
2006.120504186 -84.915
2006.188538813 -84.662
2006.284861111 -82.684
2006.399355023 -81.812
2006.456797945 -82.116
2006.476048326 -83.535
2006.511957763 -80.591
2006.552779680 -81.073
2006.571952055 -82.651
2006.610433790 -81.135
2006.629967656 -80.930
2006.648563546 -81.151
2006.665108447 -88.139
2006.725380518 -83.144
2006.744465373 -92.809
2006.763654871 -85.308
2006.801984399 -83.363
2006.818563546 -83.986
2006.857007230 -86.593
2006.878938356 -84.240
2006.917265982 -84.998
2006.936451674 -83.357
2006.955538432 -82.640
2007.204746956 -79.611
2008.030012902 -83.014
2008.095429189 -87.726
2008.122552368 -90.582
2008.144698695 -86.673
2008.160676609 -87.529
2008.182841910 -87.471
2008.210040984 -84.680
2008.254079387 -85.919
2008.349258121 -80.463
2008.354935109 -80.364
2008.376844262 -80.696
2008.393533698 -87.215
2008.404064208 -82.081
2008.445061096 -79.546
2008.469664542 -86.230
2008.504876290 -82.417
2008.543436931 -80.732
2008.543454007 -83.319
2008.584109366 -80.076
2008.603198998 -87.283
2008.619687310 -82.264
2008.672074226 -83.780
2008.767239678 -86.881
2008.775861415 -87.189
2008.813892684 -87.403
2008.813905965 -85.657
2008.852254098 -85.469
2008.871135018 -86.018
2008.917810792 -89.312
2008.917862022 -88.757
2008.991702717 -84.092
2009.005287291 -87.708
2009.062851979 -84.093
2009.117492390 -87.990
2009.150698250 -82.547
2009.158578767 -85.222
2009.172269787 -87.772
2009.210513699 -86.383
2009.232779680 -85.774
2009.246128234 -85.255
2009.265186454 -88.029
2009.292697869 -86.217
2009.407562785 -78.420
2009.421472603 -83.604
2009.438476027 -84.105
2009.607553272 -83.653
2009.772052892 -87.431
2010.193974505 -85.759
