2005.342104262 -81.145
2005.349969559 -83.012
2005.361101598 -81.921
2005.426982496 -81.823
2005.475974125 -81.944
2005.484415906 -80.094
2005.497888128 -82.072
2005.514197108 -82.111
2005.717161339 -87.601
2005.725190259 -81.016
2005.733333333 -82.690
2005.744463470 -78.468
2005.763694825 -80.289
2005.829708904 -88.340
2005.848902207 -86.719
2005.862442922 -87.271
2005.917551370 -85.404
2005.923318113 -80.074
2005.936339422 -84.578
2005.944710807 -86.789
2006.002530441 -84.964
2006.021489726 -83.795
2006.032246956 -87.779
2006.040235921 -84.331
2006.051683790 -81.015
2006.059558600 -81.517
2006.070996956 -84.695
2006.090041857 -83.020
2006.097844368 -85.015
2006.119798326 -84.701
2006.128099315 -85.783
2006.193702435 -85.154
2006.204861111 -84.295
2006.223645358 -84.019
2006.231740868 -83.288
2006.242861492 -82.998
2006.300547945 -80.697
2006.338761416 -84.838
2006.347070015 -82.135
2006.358181126 -82.359
2006.377283105 -81.469
2006.385253044 -83.869
2006.396092085 -86.270
2006.405136986 -87.561
2006.434465373 -82.913
2006.443377093 -80.911
2006.450751395 -80.976
2006.462773973 -82.008
2006.473055556 -82.532
2006.481333714 -81.859
2006.492252664 -78.830
2006.500437595 -79.778
2006.511463090 -78.892
2006.514326484 -78.675
2006.530677321 -77.257
2006.539472983 -77.334
2006.549762177 -78.519
2006.558418950 -78.262
2006.568985921 -74.677
2006.577231735 -75.073
2006.588133562 -83.342
2006.596362253 -80.110
2006.626921613 -83.137
2006.635273973 -73.365
2006.654417808 -83.125
2006.664600457 -88.136
2006.673072679 -85.421
2006.684265601 -80.134
2006.692425799 -87.982
2006.703812785 -82.189
2006.711786530 -86.136
2006.722461948 -85.413
2006.742195586 -86.808
2006.769324581 -90.693
2006.780277778 -84.759
2006.799587139 -85.695
2006.810273973 -87.401
2006.818321918 -83.979
2006.837891933 -83.305
2006.846004566 -83.679
2006.857132801 -81.781
2006.876103501 -85.204
2006.895665906 -81.124
2006.903778539 -80.694
2006.914459665 -82.885
2006.922697869 -84.167
2006.953833714 -83.959
2006.961272831 -86.432
2006.991324201 -83.655
2007.010216895 -81.196
2007.018550228 -80.885
2007.029699391 -83.800
2007.056915906 -91.857
2007.095662100 -85.898
2007.163584475 -80.854
2007.172264079 -82.975
2007.191038813 -81.738
2007.202151826 -83.268
2007.210426180 -86.475
2007.221232877 -78.928
2007.229558600 -77.767
2007.249495814 -85.521
2007.287096651 -79.887
2007.325152207 -83.261
2007.336314688 -83.663
2007.344670852 -84.007
2007.413213470 -75.011
2007.462157534 -80.238
2007.475962709 -76.842
2007.574800228 -81.621
2007.585416667 -78.358
2007.593864155 -80.009
2007.651141553 -79.770
2007.662227930 -79.178
2007.815677321 -86.609
2007.824162861 -87.499
2007.835173135 -86.479
2007.873744292 -85.608
2007.891638128 -85.890
2007.901303272 -84.005
2007.914855403 -79.661
2007.939098174 -82.247
2007.950399543 -82.440
2007.991162481 -85.444
2008.813325364 -79.069
2008.813695355 -87.374
2008.846377884 -86.517
2008.948239223 -86.823
2008.982923497 -87.073
2008.991575592 -86.697
2009.002054795 -87.993
2009.010568874 -86.963
2009.076255708 -83.115
2009.082020548 -84.932
2009.098211568 -85.188
2009.108847032 -83.537
2009.136434551 -76.736
2009.169225647 -80.807
2009.177625571 -83.628
2009.191029300 -85.728
2009.204927702 -87.669
2009.215762938 -85.081
2009.300506088 -82.511
2009.355915145 -82.102
2009.366636225 -82.981
2009.445734399 -75.478
2009.481906393 -78.558
2009.501377473 -71.165
2009.564592846 -75.918
2009.654326484 -82.385
2009.662286910 -78.380
2009.827435312 -86.107
2009.865563166 -86.362
2009.903396119 -85.293
2010.202018645 -79.360
