2011.075634	-83.4
2011.08516	-82.51
2011.093373	-85.6
2011.112424	-83.92
2011.126113	-81.91
2011.265402	-81.54
2011.270991	-81.48
2011.281829	-80.07
2011.290042	-78.53
2011.301108	-81.17
2011.348849	-82.36
2011.359915	-81.17
2011.432182	-79.75
2011.454085	-78.13
2011.462413	-77.45
2011.497891	-77.89
2011.515516	-82.29
2011.534795	-77.71
2011.553846	-82.07
2011.570273	-98.21
2011.587898	-80.2
2011.612538	-79.42
2011.770877	-82.73
2011.781829	-95.11
2011.806583	-78.54
2011.837898	-81.46
2011.918493	-81.03
2011.93492	-80.22
2011.959675	-82.82
2011.978726	-82.57
2011.992415	-81.42
2011.997891	-81.27
2012.034681	-78.82
2012.048256	-81.45
2012.083962	-81.56
2012.104439	-83.44
2012.126228	-82.55
2012.13946	-82.69
2012.159082	-81.88
2012.171231	-81.81
2012.182411	-82.19
2012.190396	-80.36
2012.203743	-82.55
2012.262321	-83.65
2012.278863	-82.13
2012.295632	-80.8
2012.303846	-79.7
2012.317535	-78.45
2012.323125	-80.74
2012.345997	-79.31
2012.354211	-76.28
2012.362424	-77.37
2012.390031	-80.9
2012.401097	-79.57
2012.414672	-80.12
2012.432525	-75.94
2012.440053	-76.87
2012.465151	-76.15
2012.481121	-75.37
2012.486825	-77.49
2012.495039	-75.99
2012.507188	-81.56
2012.515516	-78.35
2012.572896	-79.3
2012.590521	-77.88
2012.620638	-77.16
2012.648359	-77.44
2012.667409	-79.69
2012.68492	-78.46
2012.715037	-77.36
2012.723136	-77.77
2012.781829	-77.66
2012.801336	-79.24
2012.820273	-81.89
2012.838012	-77.05
2012.85672	-82.84
2012.867786	-80.5
2012.897902	-79.08
2012.908968	-82.35
2012.92933	-83.86
2012.951005	-81.11
2013.029319	-82.4
2013.104325	-84.11
2013.137179	-82.79
2013.168607	-80.52
2013.187201	-78.32
2013.206823	-79.97
2013.225988	-80.94
2013.242073	-80.24
2013.262778	-82.37
2013.31993	-77.71
2013.340636	-80.63
2013.414672	-78.68
2013.435034	-79.81
2013.445758	-79.14
2013.453971	-77.91
2013.526353	-76.72
2013.720284	-80.42
2013.739335	-77.92
2013.76004	-82.39
2013.779205	-81.92
2014.007074	-81.73
2014.045518	-80.55
2014.064569	-79.33
2014.084589	-82.36
2014.101473	-80.27
2014.120295	-81.44
2014.203743	-82.94
2014.223022	-81.88
2014.241959	-82.77
2014.259812	-82.18
2014.278748	-82.01
2014.295175	-79.14
2014.31434	-80.2
2014.337441	-77.8
2014.584932	-80.14
2014.606948	-76.32
2014.62349	-78.2
2014.642198	-78.08
2014.661705	-78.61
2014.678988	-79.35
2014.698267	-82.44
2014.717546	-82.09
2014.736483	-77.98
2014.75696	-81.41
2014.776125	-79.4
2014.79529	-80.89
2014.814569	-81.03
2014.833505	-81.25
2014.837784	-82.79
2014.85113	-81.54
2014.873147	-81.39
2014.889574	-83.58
2014.929445	-80.9
2014.951119	-86.42
2015.276467	-84.37
2015.295746	-81.13
2015.314455	-81.13
2015.331224	-79.74
2015.354325	-77.74
2015.373376	-81.24
2015.392198	-81.91
2015.411934	-79.54
2015.429673	-80.18
2015.448267	-78.02
2015.467432	-80.54
2015.620524	-77.34
2015.640031	-79.81
2015.658968	-80.68
2015.676478	-79.67
2015.695758	-82.49
2015.714808	-80.55
2015.733973	-79.89
2015.75445	-77.72
2015.773387	-77.52
2015.792438	-79.24
2015.811717	-83.33
2015.830768	-80.13
2015.848963	-82.14
2015.867672	-82.3
2015.886837	-80.48
2016.07803	-83.43
2016.095655	-82.68
2016.114934	-80.33
2016.133985	-84.25
2016.153264	-83.8
2016.176364	-82.9
2016.195529	-81.26
2016.21458	-80.56
2016.230893	-83.71
2016.251598	-83.24
2016.270649	-79.04
2016.289814	-84.17
2016.309321	-85.01
2016.328144	-80.51
2016.348507	-80.2
2016.3679	-83.47
2016.386837	-79.93
2016.406001	-80.38
2016.423741	-78.86
2016.442905	-77.33
2016.461842	-74.77
2016.481007	-78.95
2016.501598	-80.48
2016.520535	-76.52
2016.539928	-77.5
2016.558865	-82.1
2016.578372	-83.49
2016.595655	-79.41
2016.615048	-80.77
2016.634213	-79.36
2016.653264	-81.3
2016.670774	-82.01
2016.690168	-79.61
2016.709333	-87.11
2016.728612	-83.53
2016.747434	-82.18
2016.767911	-83.26
2016.787076	-82.83
2016.806241	-80.12
2016.825748	-81.37
2016.843259	-80.48
2016.862082	-82.8
2016.881361	-82.28
2016.900754	-83.64
2016.920889	-82.99
2016.939939	-82.79
2016.959447	-82.64
2016.975531	-84.21
2016.997548	-85.06
2017.015173	-83.7
2017.036734	-81.66
2017.050651	-84.34
2017.072782	-85.95
2017.090407	-83.77
2017.109344	-82.08
2017.128509	-81.81
2017.147788	-82.68
2017.173741	-80.7
2017.192905	-80.48
2017.231121	-82.12
2017.250172	-82.11
2017.267797	-81.36
2017.284224	-80.71
2017.306127	-80.14
2017.325634	-82.58
2017.345655	-81.17
2017.365048	-80.97
2017.384099	-81.89
2017.403492	-79.3
2017.440053	-80.13
2017.459447	-80.67
2017.478269	-78.55
2017.497434	-77.34
2017.537076	-78.6
2017.556127	-79.31
2017.575292	-78.95
2017.593031	-80.24
2017.668151	-80.87
2017.68743	-82.46
2017.706366	-81.9
2017.725531	-79.88
2017.744925	-78.5
2017.765173	-80.47
2017.784567	-80.15
2017.803617	-82.8
2017.822668	-81.8
2017.840407	-84.45
2017.859344	-82.47
2017.878851	-83.13
2017.897674	-81.46
2017.918379	-82.06
2017.937201	-83.88
2017.956595	-83.5
2017.97576	-84.67
2017.995039	-84.63
2018.031943	-84.1
2018.050994	-82.2
2018.070159	-81.45
2018.087555	-83.91
2018.10672	-84.32
2018.125885	-84.22
2018.14505	-83.53
2018.170774	-81.33
2018.209104	-79.44
2018.228498	-85.72
2018.244696	-82.02
2018.265287	-83.34
2018.284224	-79.54
2018.303389	-82.58
2018.322554	-81.96
2018.342917	-82.03
2018.381247	-80.71
2018.400526	-82.5
2018.417067	-83.73
2018.437316	-80.37
2018.456366	-82.4
2018.475646	-79.96
2018.494811	-79.67
2018.515287	-82.07
2018.534681	-80.25
2018.553503	-79.25
2018.590179	-77.43
2018.609344	-80.2
2018.628509	-79.13
2018.647674	-80.77
2018.666953	-81.03
2018.684464	-81.85
2018.703629	-83.76
2018.722908	-81.84
2018.741959	-79.81
2018.762321	-80.95
2018.781486	-80.9
2018.800651	-82.33
2018.820159	-82.7
2018.837669	-84.05
2018.856606	-84.19
2018.875771	-83.56
2018.895164	-84.21
2018.914101	-84.03
2018.934464	-80.86
2018.953629	-84.83
2018.972908	-84.36
2018.992643	-82.57
2019.009698	-82.79
2019.029091	-84.43
2019.067877	-85.39
2019.084817	-82.22
2019.103868	-84.95
2019.123147	-81.7
2019.142198	-85.5
2019.168037	-83.81
2019.187316	-85.29
2019.206595	-82.43
2019.225531	-80.8
2019.244696	-82.14
2019.262321	-84.34
2019.278748	-83.27
2019.298027	-81.62
2019.319816	-82.99
2019.340179	-81.82
2019.359458	-81.6
2019.378623	-80.77
2019.397674	-79.55
2019.416839	-80.14
2019.434464	-80.34
2019.453629	-78.89
2019.472908	-80.97
2019.491959	-81.67
2019.509926	-80.92
2019.5316	-81.43
2019.550651	-80.67
2019.56993	-79.71
2019.587669	-83.06
2019.606606	-81.75
2019.625885	-84.2
2019.64505	-84.41
2019.664101	-82.74
2019.68184	-79.75
2019.701005	-83.84
2019.720056	-82.66
2019.739335	-82.83
2019.759583	-81.53
2019.778748	-81.83
2019.797913	-82.13
2019.817192	-86.16
2019.833962	-80.63
2019.862196	-86.17
2019.873147	-81.73
2019.892312	-81.89
2019.911363	-81.48
2019.931954	-84.94
2019.951005	-85.34
2019.970056	-85.66
2019.997777	-82.99
2020.007188	-86.01
2020.026239	-85.59
2020.064455	-85.51
2020.08362	-83.74
2020.101473	-83.54
2020.120295	-82.26
2020.13946	-84.43
2020.158625	-82.53
2020.181726	-82.59
2020.200891	-83.78
2020.220056	-84.27
2020.239335	-85.53
2020.256846	-82.67
2020.276239	-79.07
2020.426593	-82.31
2020.445415	-80.35
2020.464694	-79.3
2020.483859	-81.63
2020.504336	-80.64
2020.523729	-80.55
2020.54278	-80.27
2020.56434	-81.41
2020.580882	-80.48
2020.598392	-82.92
2020.633985	-83.76
2020.656001	-82.62
2020.673626	-86.67
2020.692905	-79.73
2020.711956	-82.03
2020.73135	-80.61
2020.751484	-84.48
2020.770763	-84.98
2020.789928	-84.86
2020.809093	-81.95
2020.828258	-87.45
2020.845769	-85.4
2020.865048	-84.66
2020.884099	-84.07
2020.903264	-88.42
2020.923512	-86.72
2020.94302	-85.15
2020.962185	-84.91
2020.978383	-85.48
2021.03719	-90.27
2021.056127	-86.77
2021.075292	-82.94
2021.093145	-82.56
2021.112196	-83.42
2021.131817	-87.34
2021.150868	-83.84
2021.17625	-86.14
2021.195643	-87.89
2021.214694	-84.33
2021.233973	-83.31
2021.25137	-83.58
2021.270763	-84.5
2021.289814	-84.62
2021.309093	-83.48
2021.328144	-84.44
2021.348392	-87.81
2021.367557	-86.77
2021.386722	-83.13
2021.40623	-85.09
2021.423512	-84.4
2021.442905	-82.67
2021.46458	-84.29
2021.481007	-84.35
2021.504108	-80.52
2021.520535	-81.66
2021.539814	-84.89
2021.558865	-80.65
2021.578144	-80.73
2021.61482	-86.51
2021.634327	-84.12
2021.656116	-85.72
2021.673512	-84.36
2021.689939	-84.82
2021.709104	-88.54
2021.728383	-87.64
2021.747434	-86.91
2021.767797	-88.18
2021.786962	-83.98
2021.806127	-85.81
2021.825292	-87.44
2021.843031	-85.98
2021.862082	-89.43
2021.881247	-87.01
2021.900526	-84.1
2021.920889	-89.17
2021.940053	-88.54
2021.959218	-84.99
2021.997663	-86.58
2022.015173	-87.71
2022.03719	-84.59
2022.056127	-87.63
2022.072554	-87.33
2022.090179	-85.78
2022.109458	-85.11
2022.128623	-87.49
2022.147788	-88.75
2022.173626	-87.07
2022.384213	-84.91
2022.403149	-83.47
2022.420774	-85.96
2022.440053	-85.51
2022.459333	-83.98
2022.481007	-84.43
2022.497548	-85.61
2022.517797	-83.66
2022.537076	-84.83
2022.558751	-84.3
2022.57552	-80.14
2022.593031	-82.88
2022.612082	-83.23
2022.631247	-82.51
2022.650526	-81.86
2022.668379	-84.23
2022.687316	-87.87
2022.706481	-85.42
2022.725531	-83.3
2022.744811	-87.28
2022.765059	-87.07
2022.784224	-86.79
2022.822554	-87.29
2022.840179	-84.81
2022.859572	-85.76
2022.878623	-86.32
2022.897788	-87.18
2022.918151	-87.56
2022.937316	-85.19
2023.012435	-85.85
2023.0316	-85.84
2023.06993	-84.94
2023.087784	-89.97
2023.106834	-87.86
2023.125999	-88.49
2023.14505	-87.68
2023.171003	-85.76
2023.190282	-81.93
2023.247777	-86.11
2023.265059	-86.68
2023.284452	-87.38
2023.303617	-82.26
2023.322668	-85.8
2023.343031	-86.3
2023.36231	-85.99
2023.381589	-84.42
2023.40064	-88.35
2023.418379	-85.71
2023.437316	-81.22
2023.456481	-83.47
2023.475646	-84.08
2023.494925	-83.07
2023.515287	-82.81
2023.534567	-83.87
2023.553503	-85.12
2023.572668	-84.3
2023.590293	-83.15
2023.609572	-82.03
2023.628737	-90.02
2023.647902	-82.39
2023.684692	-85.95
2023.706481	-86.99
2023.742073	-88.07
2023.7816	-86.12
2023.820159	-90.31
2023.837555	-86.18
2023.856834	-88.64
2023.875999	-86.3
2023.895164	-87.59
2023.914443	-89.92
2023.934578	-88.87
2023.953857	-89.52
2023.972908	-93.82
2023.992187	-90.43
2024.028977	-86.37
2024.048027	-88.4
2024.067307	-89.23
2024.084817	-87.08
2024.104096	-89.36
2024.123261	-83.78
2024.142426	-86.68
2024.161591	-88.73
2024.184578	-88.5
2024.204085	-83.97
2024.222908	-87.05
2024.242073	-86.69
2024.259812	-83.59
2024.279091	-87.43
2024.298027	-85.6
2024.317192	-84.04
2024.337555	-89.3
2024.356834	-84.25
2024.375885	-84.83
2024.39505	-84.9
2024.414329	-88.75
2024.43184	-85.11
2024.451119	-85.89
2024.470284	-84.1
2024.489449	-83.75
2024.509812	-83.83
2024.547799	-85.41
2024.566964	-86.63
2024.584589	-87.84
2024.603754	-84.46
2024.625771	-86.77
2024.642198	-87.34
2024.661477	-85.06
2024.678988	-86.93
2024.698267	-87.15
2024.717318	-86.36
2024.739106	-87.94
2024.756731	-88.37
2024.775896	-89.37
2024.79529	-89.38
2024.81434	-90.5
2024.833391	-91.74
2024.851016	-87.39
2024.870295	-85.64
2024.88946	-84.32