2006.938552	-70.894
2006.938636	-75.89
2006.938716	-75.379
2006.938796	-75.895
2006.938876	-74.127
2006.938956	-74.272
2006.939034	-75.444
2006.93911	-74.293
2006.939186	-74.153
2006.939268	-80.743
2006.939348	-81.342
2006.939431	-77.479
2007.062948	-71.956
2007.063026	-69.761
2007.063102	-69.781
2007.06318	-69.091
2007.063256	-73.28
2007.063336	-74.426
2007.063414	-73.649
2007.063494	-70.649
2007.063572	-74.942
2007.063654	-76.642
2007.063734	-73.768
2007.063817	-77.197
2007.094249	-71.066
2007.094327	-68.206
2007.094407	-68.608
2007.094485	-70.485
2007.094561	-72.319
2007.094637	-72.959
2007.094715	-74.474
2007.094789	-75.204
2007.094863	-74.838
2007.094943	-75.28
2007.095023	-74.422
2007.095105	-73.596
2007.19126	-68.578
2007.191334	-72.88
2007.191414	-65.419
2007.191492	-71.989
2007.19157	-73.167
2007.191648	-73.27
2007.191724	-73.796
2007.191802	-74.108
2007.191876	-73
2007.191958	-74.03
2007.19204	-74.139
2007.192129	-76.306
2007.280082	-76.737
2007.28016	-68.579
2007.280236	-72.534
2007.28032	-73.81
2007.2804	-73.572
2007.28048	-72.557
2007.280558	-71.86
2007.280636	-75.179
2007.280712	-73.776
2007.280792	-78.403
2007.280874	-78.169
2007.280955	-73.83
2007.357951	-79.754
2007.358037	-78.576
2007.358122	-79.985
2007.358206	-76.395
2007.358288	-78.624
2007.358372	-76.523
2007.358452	-76.408
2007.358528	-78.225
2007.358604	-81.861
2007.358684	-76.416
2007.358764	-83.029
2007.358843	-77.981
2007.455008	-76.455
2007.455094	-78.07
2007.455177	-78.822
2007.455259	-76.019
2007.455339	-76.915
2007.455417	-76.763
2007.455495	-80.289
2007.455573	-83.726
2007.455653	-80.951
2007.455739	-88.676
2007.45582	-84.005
2007.455904	-79.731
2007.586014	-75.668
2007.586094	-74.711
2007.586172	-72.86
2007.58625	-77.767
2007.586328	-75.546
2007.586406	-73.5
2007.586486	-73.584
2007.586566	-72.843
2007.586644	-77.135
2007.586724	-80.523
2007.586806	-76.485
2007.586887	-78.334
2007.677595	-77.331
2007.67769	-77.088
2007.677768	-83.072
2007.677843	-78.251
2007.677921	-76.707
2007.678	-76.868
2007.678078	-75.995
2007.67816	-76.48
2007.67824	-75.188
2007.678322	-88.545
2007.678406	-79.422
2007.678488	-75.666
2007.777434	-81.412
2007.77751	-79.773
2007.777588	-78.408
2007.777742	-75.727
2007.77782	-75.7
2007.7779	-76.609
2007.777978	-77.57
2007.778058	-80.668
2007.778136	-82.384
2007.778216	-85.243
2007.846975	-74.368
2007.847059	-77.258
2007.847141	-75.885
2007.847219	-80.036
2007.847297	-72.709
2007.847376	-78.128
2007.847454	-75.77
2007.847531	-83.457
2007.84761	-84.5
2007.847688	-81.342
2007.847768	-82.474
2007.847848	-83.45
2007.930398	-78.174
2007.930474	-79.181
2007.930552	-74.85
2007.930632	-77.69
2007.930708	-80.632
2007.930784	-83.594
2007.93086	-80.671
2007.930938	-83.001
2007.931014	-83.435
2007.931092	-81.527
2007.93117	-83.823
2007.93125	-83.499
2008.035567	-74.339
2008.035647	-73.479
2008.035727	-73.505
2008.035805	-76.897
2008.035883	-74.113
2008.035959	-78.154
2008.036039	-74.858
2008.036115	-76.495
2008.036191	-77.085
2008.036269	-79.261
2008.036349	-75.968
2008.036435	-80.921
2008.124401	-76.501
2008.124481	-78.564
2008.124561	-75.898
2008.124641	-80.496
2008.124717	-73.503
2008.124793	-73.79
2008.124873	-77.289
2008.124949	-80.692
2008.125029	-78.34
2008.125107	-77.471
2008.125185	-78.807
2008.125267	-78.561
2008.199527	-79.901
2008.199606	-74.376
2008.199686	-79.259
2008.199766	-75.636
2008.199842	-80.111
2008.199922	-75.809
2008.200002	-77.984
2008.200082	-80.375
2008.200158	-78.324
2008.200234	-77.611
2008.200312	-78.27
2008.200396	-76.743
2008.27996	-73.415
2008.280044	-71.675
2008.28013	-78.484
2008.28021	-74.339
2008.280289	-75.974
2008.280368	-75.026
2008.280444	-89.028
2008.280524	-77.571
2008.280605	-81.006
2008.280693	-74.748
2008.28078	-75.641
2008.280822	-79.673
2008.382453	-77.934
2008.382542	-75.11
2008.38263	-73.479
2008.382714	-77.291
2008.382793	-75.83
2008.382871	-76.24
2008.382951	-76.24
2008.383031	-79.07
2008.383113	-77.209
2008.383197	-80.555
2008.383282	-79.879
2008.383322	-83.765
2008.438579	-75.116
2008.438661	-71.674
2008.438739	-73.767
2008.438819	-73.315
2008.438895	-74.145
2008.438977	-77.413
2008.439057	-77.516
2008.439138	-77.916
2008.43922	-80.931
2008.439262	-81.028
2008.5327	-76.079
2008.532776	-75.969
2008.532852	-75.87
2008.53293	-78.751
2008.533006	-76.881
2008.533084	-76.577
2008.533164	-77.807
2008.533242	-78.459
2008.533322	-77.62
2008.533404	-79.798
2008.533484	-82.716
2008.533566	-83.381
2008.621553	-80.456
2008.62164	-78.754
2008.621718	-75.769
2008.621804	-81.663
2008.621882	-86.15
2008.62196	-71.791
2008.622038	-80.341
2008.622116	-73.721
2008.622196	-87.283
2008.622276	-82.129
2008.62236	-85.206
2008.6224	-86.969
2008.713058	-76.894
2008.71313	-77.484
2008.713204	-78.342
2008.713282	-74.53
2008.71336	-72.557
2008.713437	-77.987
2008.713516	-74.643
2008.713594	-69.504
2008.713676	-91.825
2008.713758	-81.452
2008.713842	-82.676
2008.713927	-81.003
2008.782721	-74.263
2008.782801	-75.254
2008.782885	-78.154
2008.782966	-73.001
2008.78305	-73.505
2008.783126	-73.902
2008.783204	-76.817
2008.783288	-79.306
2008.783374	-79.182
2008.783455	-82.35
2008.783535	-74.129
2008.783575	-81.52
2008.868842	-77.327
2008.868918	-72.824
2008.868994	-78.565
2008.869074	-73.435
2008.869152	-76.837
2008.869232	-75.513
2008.869312	-80.769
2008.869395	-78.174
2008.869475	-82.142
2008.869553	-76.59
2008.869595	-82.952
2008.938423	-76.609
2008.938501	-74.687
2008.938581	-75.866
2008.938661	-76.671
2008.938743	-81.189
2008.938823	-81.025
2008.938902	-80.397
2008.93898	-79.222
2008.93906	-82.801
2008.939136	-78.003
2008.939214	-80.598
2008.939253	-84.119
2009.040925	-74.741
2009.041005	-74.385
2009.041087	-75.789
2009.041167	-77.345
2009.041247	-74.968
2009.04133	-78.485
2009.041406	-77.751
2009.041484	-80.147
2009.041564	-79.544
2009.041644	-79.306
2009.041722	-81.958
2009.041764	-85.668
2009.110596	-83.01
2009.110678	-72.921
2009.110756	-83.031
2009.110832	-73.84
2009.110908	-72.384
2009.110986	-79.338
2009.111062	-77.139
2009.111142	-78.636
2009.111226	-78.158
2009.111311	-79.294
2009.111399	-71.951
2009.111448	-85.196
2009.188434	-79.36
2009.18852	-76.115
2009.1886	-82.625
2009.18868	-75.69
2009.188758	-77.65
2009.188834	-73.859
2009.188908	-75.182
2009.188986	-77.831
2009.18907	-78.927
2009.189152	-80.619
2009.189233	-76.023
2009.189279	-84.912
2009.304879	-79.124
2009.304957	-79.418
2009.305035	-79.425
2009.305109	-84.508
2009.363566	-85.387
2009.36364	-80.187
2009.363714	-81.156
2009.363788	-80.941
2009.438672	-87.256
2009.438754	-77.368
2009.438832	-79.151
2009.438904	-78.978
2009.511081	-76.257
2009.511164	-75.771
2009.51125	-72.604
2009.511324	-75.559
2009.597135	-71.969
2009.597211	-75.811
2009.597295	-78.367
2009.597373	-79.025
2009.677742	-73.879
2009.677824	-75.408
2009.677903	-73.044
2009.677976	-71.716
2009.763809	-79.096
2009.763891	-78.359
2009.763971	-80.119
2009.912853	-80.316
2009.912938	-78.765
2009.913022	-78.237
2009.913098	-78.966
2009.982484	-74.391
2009.982563	-77.781
2009.982645	-73.873
2009.982721	-76.65
2010.035727	-76.984
2010.035813	-77.769
2010.035896	-81.02
2010.035973	-77.16
2010.130044	-77.255
2010.130124	-75.068
2010.130202	-80.114
2010.130274	-79.116
2010.205105	-71.763
2010.205183	-68.696
2010.205265	-85.123
2010.205341	-83.044
2010.38759	-74.757
2010.38767	-79.398
2010.38775	-75.558
2010.387824	-78.626
2010.387908	-71.318
2010.387972	-70.282
2010.388029	-64.815
2010.388087	-71.687
2010.388151	-84.067
2010.388218	-73.424
2010.388288	-80.346
2010.388359	-81.24
2010.513236	-79.522
2010.513318	-83.004
2010.513391	-77.965
2010.513453	-78.024
2010.513522	-78.518
2010.513579	-78.059
2010.513638	-78.274
2010.513695	-83.5
2010.513754	-82.581
2010.513815	-79.271
2010.513876	-80.23
2010.51394	-80.649
2010.607525	-72.779
2010.607595	-76.99
2010.607666	-73.964
2010.607734	-77.142
2010.607807	-73.325
2010.607864	-81.333
2010.607921	-76.085
2010.607982	-76.791
2010.608042	-80.159
2010.6081	-79.152
2010.608157	-76.688
2010.608216	-84.519
2010.693575	-78.644
2010.693651	-81.826
2010.693724	-85.458
2010.693788	-83.809
2010.693859	-87.826
2010.693921	-87.915
2010.693982	-90.064
2010.694045	-88.593
2010.694108	-86.815
2010.694171	-83.662
2010.694235	-79.252
2010.694298	-77.078