2005.281495434 -83.295
2005.338928843 -82.181
2005.358150685 -85.118
2005.377355403 -85.353
2005.415664003 -83.935
2005.451223364 -82.374
2005.473251522 -85.098
2005.527968037 -89.016
2005.569151446 -84.924
2005.588293379 -94.546
2005.607431507 -90.165
2005.626584855 -91.553
2005.684235160 -91.300
2005.722572298 -93.758
2005.741723744 -86.295
2005.760939878 -85.756
2005.895176941 -91.930
2005.914478691 -86.565
2005.936251903 -86.986
2005.952598935 -90.948
2005.971866438 -88.285
2006.010393836 -90.788
2006.029480594 -87.178
2006.048573059 -87.981
2006.067897641 -88.409
2006.089769787 -88.504
2006.106149163 -83.275
2006.125414764 -84.363
2006.144552892 -87.039
2006.163738584 -83.520
2006.221217656 -83.483
2006.275979833 -83.299
2006.297929985 -85.236
2006.355426180 -84.325
2006.410150304 -83.735
2006.432066210 -82.844
2006.451314688 -81.347
2006.470410959 -87.449
2006.508877473 -81.492
2006.528053653 -86.274
2006.547254566 -85.761
2006.601942542 -87.613
2006.643028919 -82.369
2006.662187976 -89.154
2006.681392694 -90.245
2006.697846271 -85.864
2006.719663242 -84.907
2006.738915525 -82.837
2006.758097412 -83.975
2006.796510654 -88.979
2006.815825723 -87.371
2006.834895358 -83.763
2006.854105784 -79.779
2006.878867960 -86.198
2006.892500000 -87.416
2006.930780061 -83.933
2007.045884703 -88.953
2007.065078006 -86.458
2007.330711568 -83.668
2007.448548326 -85.981
2007.467751142 -89.020
2007.563555936 -80.531
2007.582753044 -83.137
2007.601925419 -88.830
2007.621177702 -89.338
2008.119446342 -90.026
2008.138754174 -86.119
2008.177003643 -87.870
2008.196097070 -88.842
2008.236987705 -82.115
2008.253360276 -85.388
2008.272558060 -83.026
2008.291604053 -87.234
2008.348859669 -84.962
2008.368156117 -84.218
