2005.201141553 -92.896
2005.220766743 -82.408
2005.379252283 -79.077
2005.414973364 -79.912
2005.727283105 -85.000
2005.760711568 -90.263
2005.773820396 -83.419
2005.801027397 -85.393
2005.908694825 -85.002
2005.913508371 -92.919
2005.957420091 -82.917
2005.965658295 -85.325
2006.042399163 -82.545
2006.179223744 -86.830
2006.195776256 -79.134
2006.234132420 -81.092
2006.253367580 -82.318
2006.294235160 -79.977
2006.313356164 -83.622
2006.332667428 -78.448
2006.404119102 -80.691
2006.412328767 -79.647
2006.491875951 -78.093
2006.513337139 -78.603
2006.579280822 -81.662
2006.604004947 -79.468
2006.620395738 -80.501
2006.642503805 -85.271
2006.699657534 -80.925
2006.733523592 -80.926
2006.757382040 -81.908
2006.771575342 -84.838
2006.809313166 -84.290
2006.831297565 -82.978
2006.853196347 -82.948
2006.924743151 -80.547
2006.971118721 -82.092
2007.007267884 -80.236
2007.026141553 -82.333
2007.157562785 -80.655
2007.176484018 -81.642
2007.384969559 -81.290
2007.623382801 -81.824
2007.656582953 -81.942
2007.713422755 -88.204
2007.730022831 -89.124
2007.787671233 -86.503
2007.806735160 -83.434
2008.036752429 -80.358
2008.055783242 -82.206
2008.078485504 -81.740
2008.181551685 -82.225
2008.192452186 -85.968
2008.217175167 -82.337
2008.230788934 -83.221
2008.249772313 -84.657
2008.285699378 -85.923
2008.296827565 -84.347
2008.313069217 -82.964
2008.329538555 -87.723
2008.422102687 -81.338
2008.457369460 -79.788
2008.517863919 -80.263
2008.599726776 -80.240
2008.648622495 -86.064
2008.667833561 -83.012
2008.690507362 -83.499
2008.727933364 -86.678
2008.790926685 -83.678
2008.801571038 -83.862
2008.878415301 -82.169
2008.902787265 -81.297
2008.924749545 -86.816
2008.941266318 -84.690
2008.954927520 -82.017
2008.965714177 -83.554
2009.050561263 -84.299
2009.072564688 -79.691
2009.111339422 -78.361
2009.149166667 -73.845
2009.486063546 -78.888
2009.513394216 -70.541
2009.590192161 -80.488
