2005.262595129 -84.865
2005.339288432 -71.471
2005.358439878 -74.478
2005.377635084 -82.681
2005.377657915 -76.345
2005.396835997 -75.783
2005.454349315 -75.545
2005.492695967 -73.677
2005.511879756 -74.365
2005.550192161 -73.246
2005.550228311 -73.814
2005.588593988 -76.654
2005.624233257 -72.827
2005.703651065 -76.992
2005.722840563 -72.269
2005.799562405 -77.094
2005.818723364 -75.831
2005.837895738 -77.820
2005.876305175 -78.710
2005.876314688 -78.645
2005.914625190 -74.120
2005.914634703 -74.788
2005.933788052 -79.841
2005.933799467 -80.948
2005.952987062 -75.945
2005.972153729 -75.517
2005.972172755 -74.750
2005.991333714 -73.574
2005.991352740 -77.629
2006.010504186 -75.971
2006.010519406 -76.574
2006.029687976 -78.630
2006.029703196 -74.103
2006.048854642 -76.334
2006.048877473 -77.237
2006.068032725 -73.544
2006.068049848 -75.774
2006.087208904 -73.201
2006.087231735 -74.103
2006.106388889 -75.850
2006.106411720 -74.189
2006.125565068 -77.065
2006.144773592 -75.166
2006.144790715 -75.633
2006.202294521 -75.559
2006.202305936 -76.343
2006.278989726 -71.870
2006.298177321 -75.200
2006.317376332 -77.941
2006.336542998 -73.181
2006.336586758 -79.417
2006.355721081 -76.056
2006.374906773 -72.980
2006.413268645 -75.051
2006.432414384 -68.652
2006.470818113 -73.473
2006.492669330 -68.923
2006.492711187 -72.886
2006.509166667 -66.280
2006.509179985 -74.036
2006.528312405 -72.262
2006.528340944 -75.445
2006.547524734 -72.401
2006.566647641 -69.766
2006.566691400 -72.293
2006.585877093 -70.702
2006.585888508 -69.909
2006.605026636 -69.004
2006.605051370 -71.938
2006.624208524 -69.818
2006.624229452 -69.764
2006.643388508 -70.850
2006.643405632 -72.222
2006.662560883 -67.576
2006.662576104 -73.025
2006.681759893 -75.569
2006.720104642 -76.250
2006.720127473 -73.828
2006.739343607 -70.346
2006.758432268 -74.214
2006.758464612 -74.367
2006.777636986 -74.458
2006.777652207 -83.768
2006.796851218 -75.541
2006.796860731 -77.689
2006.816017884 -76.598
2006.835157915 -73.887
2006.835180746 -76.227
2006.854356925 -73.277
2006.854374049 -74.082
2006.873508371 -73.582
2006.873523592 -74.225
2006.892728311 -73.226
2006.911891172 -74.041
2006.931065449 -73.149
2006.931097793 -76.297
2006.950247336 -76.349
2006.969440639 -72.873
2006.969450152 -76.766
2006.988584475 -75.036
2007.161219559 -71.371
2007.218730974 -73.306
2007.218742390 -73.571
2007.237817732 -69.737
2007.259847793 -67.715
2007.259857306 -65.904
2007.314630898 -81.366
2007.468049848 -77.089
2007.509178082 -72.661
2007.602334475 -73.391
2007.854375951 -74.713
2007.934014460 -77.667
2008.103424787 -72.138
2008.179912341 -78.791
2008.199053203 -72.218
2008.237295082 -78.279
2008.237302672 -71.369
2008.256418868 -76.462
2008.256424560 -73.750
2008.275525577 -71.470
2008.275574909 -70.932
2008.294660747 -77.424
2008.294670234 -72.136
2008.332925395 -70.904
2008.352043488 -77.941
2008.368416060 -75.771
2008.368450213 -83.953
2008.390287265 -74.410
2008.390298649 -74.011
2008.409439511 -75.767
2008.428557605 -74.770
2008.466803279 -81.536
2008.485877732 -80.312
2008.485919475 -77.137
2008.505047055 -81.719
2008.505058440 -75.103
2008.524180328 -77.748
2008.543372420 -75.164
2008.562399438 -74.092
2008.562420310 -75.040
2008.581540301 -74.838
2008.603345097 -67.371
2008.603379250 -72.198
2008.619795461 -73.247
2008.638919247 -77.557
2008.652559578 -75.227
2008.677164921 -73.607
2008.715414390 -80.632
2008.715429569 -75.921
2008.734540073 -78.032
2008.753671448 -77.492
2008.753718883 -81.362
2008.772785747 -71.457
2008.772806618 -80.528
2008.791932301 -77.580
2008.811052292 -84.967
2008.811065574 -78.924
2008.830202641 -76.803
2008.849318837 -73.879
2008.868435033 -78.595
2008.868455905 -79.663
2008.887536050 -76.525
2008.903984517 -75.244
2008.925813980 -76.196
2008.944926381 -78.529
2008.944935868 -75.355
2008.961312234 -78.264
2008.980447404 -75.928
2009.005076104 -76.232
2009.021504947 -79.630
2009.040667808 -78.999
2009.040709665 -78.171
2009.059840183 -77.226
2009.059851598 -78.945
2009.079029680 -77.273
2009.079039193 -78.263
2009.098217275 -77.025
2009.098304795 -77.127
2009.136563927 -75.368
2009.136577245 -75.644
2009.155742009 -72.440
2009.155761035 -76.342
2009.174933409 -83.437
2009.174952435 -77.988
2009.194109589 -79.701
2009.213289574 -73.186
2009.251640030 -75.265
2009.270799087 -73.657
2009.270814307 -77.738
2009.290003805 -72.490
2009.309124810 -72.011
2009.309170472 -73.425
2009.366710426 -72.320
2009.421482116 -71.330
2009.539303653 -64.440
2009.596805556 -74.953
2009.629726027 -66.026
2009.648862253 -68.121
2009.725580289 -72.393
2009.763932648 -76.796
2009.821472603 -72.470
2009.840639269 -67.713
