2010.94781	-85.61
2010.961614	-86.24
2010.980779	-88.18
2011.023387	-86.9
2011.039471	-89.55
2011.061374	-83.75
2011.077687	-87.74
2011.09554	-87.26
2011.111739	-86.72
2011.136494	-86.48
2011.150526	-84.56
2011.178645	-84.64
2011.19781	-86.32
2011.217204	-84.8
2011.238992	-86.21
2011.275668	-83.23
2011.292666	-84.77
2011.31377	-80.38
2011.327345	-85.83
2011.368128	-81.08
2011.392655	-82.13
2011.412048	-83.33
2011.429787	-85.41
2011.443476	-81.87
2011.461043	-85.55
2011.538901	-84.36
2011.614135	-83.22
2011.633185	-79.75
2011.664672	-84.54
2011.714238	-87.78
2011.733745	-88.41
2011.751484	-84.89
2011.791981	-89.58
2011.81126	-88.34
2011.830425	-88.54
2011.84805	-86.66
2011.865048	-91.97
2011.905773	-84.65
2011.926364	-86.21
2011.945073	-84.91
2011.95899	-87.2
2011.989106	-86.21
2012.058751	-84.96
2012.075406	-86.2
2012.09554	-85.27
2012.112196	-85.45
2012.150526	-84.32
2012.17317	-84.36
2012.192563	-87.16
2012.211956	-84.93
2012.234087	-84.93
2012.249944	-88.13
2012.289357	-85.94
2012.308408	-87.06
2012.325064	-80.37
2012.348621	-82.46
2012.36482	-85.47
2012.386266	-77.67
2012.405431	-84.09
2012.42066	-82.38
2012.442221	-82.86
2012.456138	-81.76
2012.479068	-85.04
2012.494696	-83.02
2012.518139	-79.8
2012.536962	-85.66
2012.556013	-78.33
2012.595883	-83.32
2012.615048	-80.94
2012.650412	-83.76
2012.695643	-84.45
2012.709104	-82.61
2012.767569	-88.02
2012.783996	-88.35
2012.917922	-86.49
2012.942335	-91.26
2012.95899	-86.72
2013.017569	-86.15
2013.031372	-87.12
2013.070044	-85.34
2013.087784	-88.17
2013.131475	-89.49
2013.145278	-86.78
2013.17066	-84.19
2013.189825	-85.14
2013.20899	-88.7
2013.249944	-84.52
2013.264831	-82.56
2013.287304	-83.41
2013.308865	-82.72
2013.34246	-81.82
2013.364591	-83.65
2013.437201	-81.54
2013.454199	-81
2013.481235	-80.52
2013.494354	-82.03
2013.518368	-82.08
2013.533882	-80.94
2013.555784	-80.43
2013.574721	-85.36
2013.593145	-84.43
2013.609344	-82.78
2013.62828	-84.69
2013.644479	-88.99
2013.66661	-82.36
2013.686745	-82.72
2013.703172	-84.77
2013.722223	-84.75
2013.747434	-90.64
2013.770307	-84.87
2013.786734	-83.99
2013.806127	-88.76
2013.819588	-83.65
2013.837327	-85.26
2013.859001	-86.94
2013.878737	-86.22
2013.897331	-85.62
2013.920432	-85.68
2013.940053	-82.28
2013.9534	-86.82
2013.972679	-85.37
2013.991844	-88.38
2014.012207	-84.47
2014.031372	-85.84
2014.047799	-91.34
2014.066964	-84.66
2014.087213	-86.52
2014.106492	-86.37
2014.128623	-86.86
2014.142541	-84.23
2014.167808	-85.11
2014.321869	-85.06
2014.339722	-83.92
2014.381817	-88.21
2014.400412	-84.13
2014.417352	-83.78
2014.434692	-84.84
2014.456937	-82.82
2014.474846	-82.63
2014.494011	-83.45
2014.514602	-80.71
2014.533882	-84.13
2014.556127	-82.54
2014.572782	-85.32
2014.587669	-83.56
2014.611853	-85.88
2014.628623	-84.03
2014.645393	-85.54
2014.666154	-88.9
2014.681269	-85.21
2014.703172	-88.27
2014.720056	-87.78
2014.741502	-87.56
2014.761979	-88.35
2014.778634	-91.41
2014.803161	-86.5
2014.817078	-86.21
2014.834589	-88.23
2014.85672	-87.9
2014.875657	-89.34
2014.894593	-88.47
2014.934349	-84.86
2014.950548	-85.98
2014.97017	-87.7
2014.99173	-85.2
2015.006731	-89.15
2015.02852	-86.39
2015.064226	-83.68
2015.092688	-85.92
2015.10923	-84.11
2015.128166	-84.1
2015.14197	-86.53
2015.187087	-85.63
2015.206024	-84.97
2015.222451	-85.9
2015.244468	-84.56
2015.267226	-82.87
2015.2816	-84.37
2015.316622	-85.94
2015.339836	-84.48
2015.358659	-85.88
2015.375314	-84.33
2015.397217	-84.03
2015.416382	-84.21
2015.434121	-83.6
2015.4534	-84.11
2015.474732	-83.11
2015.497206	-83.67
2015.515287	-81.45
2015.540271	-85.22
2015.550423	-84.48
2015.569131	-82.84
2015.587099	-83.65
2015.603412	-85.47
2015.624972	-86.21
2015.64197	-83.62
2015.66182	-91.52
2015.678531	-88.16
2015.719599	-89.3
2015.73614	-91.52
2015.756617	-88.29
2015.797685	-89.53
2015.816736	-87.24
2015.834475	-87.98
2015.850902	-86.82
2015.872919	-87.99
2015.889346	-89.08
2015.917922	-88.68
2015.934349	-89.45
2015.948039	-89.09
2015.967432	-85.85
2016.241959	-85.87
2016.259127	-90.48
2016.273615	-85.84
2016.292209	-85.37
2016.311146	-86.57
2016.33111	-86.36
2016.354096	-89.41
2016.373033	-84.04
2016.391627	-84.76
2016.41353	-88.17
2016.431155	-84.99
2016.44473	-83.83
2016.466747	-83.13
2016.486711	-80.99
2016.506275	-83.49
2016.523273	-84.1
2016.54529	-83.22
2016.56377	-87.36
2016.584247	-83.21
2016.600902	-82.26
2016.620409	-81.02
2016.639232	-86.8
2016.658853	-84.56
2016.694616	-88.43
2016.717546	-87.53
2016.733859	-89.46
2016.753537	-87.56
2016.772588	-92.88
2016.811146	-92.7
2016.833163	-89.49
2016.84554	-92.89
2016.867101	-87.42
2016.88638	-86.26
2016.905545	-90.08
2016.925908	-86.23
2016.945529	-85.56
2016.964694	-87.35
2016.989106	-86.63
2017.000286	-88.38
2017.017683	-86.29
2017.039357	-89.98
2017.056241	-87.68
2017.078144	-86.16
2017.117786	-83.43
2017.152579	-86.83
2017.178531	-90.38
2017.200548	-84.85
2017.214123	-86.57
2017.238764	-87.15
2017.253423	-86.11
2017.270307	-87.78
2017.291639	-87.68
2017.311032	-85.02
2017.331452	-86.62
2017.350674	-84.76
2017.369839	-86.65
2017.388889	-87.69
2017.408169	-83.02
2017.426136	-83.6
2017.444958	-83.37
2017.476102	-88.62
2017.494126	-83.05
2017.512892	-80.92
2017.526695	-82.64
2017.542095	-83.09
2017.561146	-84.94
2017.587555	-86.64
2017.609458	-83.67
2017.625543	-87.36
2017.641399	-84.99
2017.658853	-87.35
2017.67876	-89.06
2017.695529	-88.57
2017.711614	-89.93
2017.730779	-88.63
2017.746978	-90.75
2017.768025	-88.08
2017.797685	-88.79
2017.808636	-91
2017.827687	-88.22
2017.847936	-89.76
2017.864477	-91.7
2017.883642	-87.67
2017.902807	-90.73
2017.923398	-88.59
2017.945073	-89.26
2017.969827	-86.12
2017.986254	-88.73
2018.003765	-90.17
2018.015173	-86.05
2018.039357	-87.16
2018.056241	-86.21
2018.074949	-86.76
2018.111739	-87.22
2018.134099	-87.43
2018.150069	-88.26
2018.176364	-90.69
2018.192791	-88.72
2018.214238	-87.39
2018.230893	-86.38
2018.270535	-93.18
2018.289243	-90.17
2018.306241	-87.51
2018.327573	-85.38
2018.347936	-87.7
2018.367101	-84.95
2018.383642	-87.44
2018.405431	-85.01
2018.428189	-84.2
2018.442221	-83.64
2018.461386	-85.09
2018.48055	-85.02
2018.500571	-84.1
2018.520649	-83.92
2018.539243	-85.74
2018.558522	-81.79
2018.595198	-84.9
2018.616987	-84.14
2018.633528	-85.62
2018.656116	-85.94
2018.672941	-85.53
2018.689483	-88.72
2018.70591	-88.81
2018.727813	-88.7
2018.746978	-88.97
2018.765059	-90.19
2018.783996	-86.31
2018.803389	-90.81
2018.822097	-87.95
2018.84246	-87.38
2018.859458	-89.43
2018.880904	-93.39
2018.900069	-87.27
2018.920432	-85.75
2018.939597	-87.03
2018.9615	-86.65
2018.977927	-90.2
2018.994354	-88.2
2019.014717	-89.51
2019.033882	-88.8
2019.053503	-88.95
2019.072212	-86.6
2019.087441	-90.84
2019.109001	-89.44
2019.128166	-87.03
2019.147331	-85.97
2019.173626	-87.61
2019.190053	-88.41
2019.2115	-86.38
2019.233288	-88.58
2019.24983	-87.95
2019.26734	-86.23
2019.286505	-86.6
2019.308066	-86.57
2019.324835	-85.88
2019.345655	-85.49
2019.364363	-87.42
2019.385923	-92.46
2019.406458	-84.34
2019.422713	-86.12
2019.44051	-85.49
2019.462527	-88.47
2019.477584	-83.73
2019.497092	-86.13
2019.51734	-85.22
2019.536734	-82.78
2019.55567	-87.65
2019.574607	-90
2019.59246	-84.5
2019.630676	-90.64
2019.66758	-89.13
2019.686517	-89.34
2019.706138	-88.36
2019.725531	-90.73
2019.744126	-90.12
2019.764602	-91.07
2019.78103	-88.78
2019.803047	-89.65
2019.822212	-90.15
2019.839836	-87.12
2019.859001	-89.42
2019.880904	-90.78
2019.89505	-95.67
2019.917694	-88.23
2019.937087	-87.03
2020.077687	-87.06
2020.092574	-89.62
2020.108887	-87.27
2020.125428	-87.49
2020.144822	-89.85
2020.167922	-89.49
2020.189825	-90.56
2020.20591	-86.28
2020.227927	-94.17
2020.244354	-88.48
2020.261865	-93.35
2020.306812	-88.28
2020.322554	-88.65
2020.339494	-87.83
2020.368242	-86.97
2020.383414	-86.24
2020.399613	-86.07
2020.425565	-84.55
2020.436517	-85.56
2020.458419	-89.05
2020.480208	-88.25
2020.500685	-84.67
2020.522474	-87.87
2020.544833	-85.47
2020.563655	-85.48
2020.584475	-86.73
2020.605921	-87.26
2020.628052	-87.43
2020.644479	-89.69
2020.663644	-88.89
2020.700548	-93.74
2020.736026	-91.15
2020.758898	-95.69
2020.775782	-94.2
2020.808636	-93.7
2020.822212	-92.57
2020.837099	-91.02
2020.853526	-92.61
2020.870181	-91.64
2020.892312	-89.52
2020.911021	-93.99
2020.931383	-94.59
2020.948267	-95.85
2020.969713	-90.05
2020.988878	-89.48
2021.006503	-93.38
2021.025896	-88.03
2021.044833	-89.45
2021.064112	-90.7
2021.083163	-88.17
2021.100788	-89.51
2021.122691	-94.45
2021.139118	-91.06
2021.158283	-91.52
2021.181612	-89.89
2021.200548	-88.73
2021.222908	-88.13
2021.239106	-89.5
2021.256389	-87.8
2021.278634	-89.84
2021.297343	-88.28
2021.316622	-89.03
2021.334703	-88.17
2021.353412	-89.08
2021.375771	-92.06
2021.394365	-88.2
2021.413644	-89.29
2021.434692	-88.36
2021.448724	-88.72
2021.469599	-87.29
2021.492187	-86.83
2021.509013	-87.18
2021.528292	-88.22
2021.566279	-86.74
2021.584361	-89.52
2021.601359	-90.3
2021.620295	-91.03
2021.644593	-90.63
2021.660906	-88.18
2021.678531	-86.18
2021.700891	-92.1
2021.76426	-94.24
2021.780801	-94.4
2021.797343	-91.7
2021.830311	-93.72
2021.853526	-92.24
2021.872691	-91.16
2021.894822	-91.39
2021.908511	-93.9
2021.925908	-92.21
2021.94781	-91.27
2021.96709	-92.53
2021.986369	-92.03
2022.006503	-92.26
2022.02293	-95.46
2022.039586	-91.1
2022.061488	-88.71
2022.080425	-90.62
2022.098164	-91.93
2022.130904	-90.52
2022.153264	-90.44
2022.178874	-91.04
2022.2034	-95.02
2022.219713	-92.82
2022.244468	-91.93
2022.253651	-90.08
2022.272816	-91.15
2022.370295	-88.26
2022.389232	-88.47
2022.408397	-88.28
2022.425793	-88.31
2022.444958	-92.25
2022.464352	-89.86
2022.483745	-91.2
2022.506846	-87.79
2022.523044	-87.74
2022.543008	-89.94
2022.561831	-86.25
2022.580996	-87.44
2022.597936	-90.58
2022.619839	-88.4
2022.636722	-90.54
2022.656458	-93.27
2022.673056	-90.87
2022.692677	-92.46
2022.714238	-92.8
2022.730779	-93.24
2022.750913	-91.38
2022.769964	-92.42
2022.789357	-90.7
2022.81377	-90.32
2022.827916	-93.3
2022.845312	-94.39
2022.864477	-92.08
2022.883642	-94.06
2022.911477	-92.08
2022.926022	-94.97
2022.942563	-92.47
2022.9615	-91.5
2022.980665	-89.7
2023.006503	-95.74
2023.020307	-92.21
2023.039357	-92.54
2023.074949	-94.26
2023.095312	-89.93
2023.111968	-90.53
2023.131361	-92.59
2023.150069	-89.65
2023.176022	-92.39
2023.195529	-90.65
2023.214123	-91.15
2023.233402	-91.55
2023.250913	-95.22
2023.270078	-94.58
2023.289129	-92.8
2023.308408	-92.12
2023.327573	-90.26
2023.348507	-91.02
2023.367786	-88.92
2023.389004	-89.02
2023.406001	-87.04
2023.428531	-89.31
2023.44473	-90.51
2023.464123	-85.63
2023.503537	-87.21
2023.539814	-92.77
2023.558408	-87.61
2023.580539	-89.95
2023.595426	-90.01
2023.614477	-90.84
2023.636494	-93.63
2023.652807	-91.12
2023.670432	-92.15
2023.708762	-93.41
2023.767569	-96.65
2023.78719	-95.07
2023.806013	-94.51
2023.822212	-95.04
2023.842688	-96.03
2023.861853	-95.38
2023.880904	-98.74
2023.900297	-94.2
2023.917808	-98.46
2023.958876	-91.7
2023.978041	-95.23
2023.99732	-94.03
2024.015059	-91.07
2024.034224	-93.53
2024.053275	-93.25
2024.07244	-91.61
2024.087441	-90.49
2024.10923	-92.73
2024.147445	-91.78
2024.189939	-91.63
2024.209104	-92.64
2024.228155	-92.3
2024.24732	-94.2
2024.264831	-92.87
2024.283996	-89.81
2024.303161	-91.87
2024.320044	-91.38
2024.381361	-89.36
2024.400183	-94.15
2024.417808	-89.63
2024.436859	-90.28
2024.456138	-95.1
2024.494468	-89.71
2024.514831	-88.58
2024.533882	-89.29
2024.570387	-90.08
2024.589836	-90.57
2024.609116	-90.72
2024.62828	-90.12
2024.647331	-93.87
2024.666496	-90.19
2024.684235	-98.19
2024.701233	-94.06
2024.722565	-95.46
2024.747891	-93.06
2024.800423	-94.1
2024.81936	-100.21
2024.837213	-95.27
2024.856492	-96.32
2024.875999	-97.63
2024.894708	-95.57
2011.351473	-93.31
2012.574721	-69.97
2012.981121	-92.01
2013.050765	-91.75
2014.913873	-93.97
2015.697925	-95.93
2015.77852	-94.75
2016.673056	-92.87
2016.791981	-95.51
2017.093031	-98.98
2018.575064	-92.7
2019.608887	-93.71
2019.649727	-97.14
2021.716975	-104.43
2022.297228	-99.3
2023.058751	-98.89
2023.520535	-100.5
2023.689597	-101.8
2023.939825	-106.22
2024.173398	-99.46
2024.342688	-97.9
2024.361739	-100.67
2024.475417	-96.09
2024.551108	-98.15
2024.762207	-103.12