2005.257460046 -65.634
2005.301160578 -72.460
2005.320576484 -70.035
2005.375302511 -70.477
2005.391590563 -67.517
2005.432397260 -71.319
2005.531035008 -69.748
2005.545038052 -69.034
2005.545078006 -68.917
2005.586491629 -70.183
2005.698635845 -69.762
2005.720624049 -68.880
2005.739811644 -67.973
2005.767161339 -66.912
2005.794600457 -65.509
2005.819244673 -68.719
2005.876912100 -66.773
2005.895576484 -67.425
2005.917513318 -65.438
2005.936582953 -69.678
2005.950363394 -66.564
2005.967245053 -66.954
2006.049583333 -70.399
2006.073647260 -71.226
2006.092939498 -69.995
2006.112376332 -69.483
2006.112507610 -68.079
2006.123236301 -68.810
2006.254575723 -68.774
2006.358563546 -66.405
2006.391419330 -70.891
2006.410542237 -68.141
2006.432990868 -68.029
2006.451931126 -71.161
2006.509465373 -72.409
2006.531278539 -71.180
2006.548042237 -71.065
2006.605507991 -71.955
2006.624752664 -69.869
2006.649105784 -71.278
2006.657235540 -69.097
2006.717404871 -70.972
2006.733881279 -75.389
2006.777728311 -68.843
2006.791413623 -70.342
2006.810519406 -68.935
2006.829796423 -70.262
2006.851611492 -70.836
2006.868057458 -69.240
2006.909153349 -67.999
2007.734084855 -69.186
2008.079358303 -68.918
2008.136295158 -67.455
2008.179969262 -69.939
2008.212788403 -68.589
2008.234530586 -71.615
2008.275690650 -67.878
2008.275804493 -69.601
2008.295044019 -70.416
2008.311409001 -68.838
2008.333145492 -68.669
2008.346801002 -66.883
2008.346952793 -68.379
2008.365736946 -73.507
2008.365763509 -71.031
2008.390408698 -70.597
2008.390440953 -70.444
2008.406800243 -70.493
2008.406950137 -69.055
2008.425954387 -70.193
2008.447802823 -68.087
2008.485991576 -70.538
2008.505083106 -69.142
2008.521990741 -70.185
2008.540680024 -70.660
2008.562869991 -68.834
2008.579178051 -70.502
2008.598389117 -69.513
2008.619911202 -70.159
2008.639069141 -70.185
2008.655356330 -70.042
2008.655527095 -70.490
2008.677652550 -68.142
2008.696347526 -70.624
2008.715571873 -73.336
2008.734545765 -71.761
2008.753749241 -69.764
2008.772873027 -68.332
2008.791974044 -69.411
2008.811171828 -69.614
2008.832915908 -66.114
2008.849157559 -67.586
2008.868586825 -66.716
2008.887579690 -69.585
2008.887824454 -69.846
2008.903855495 -69.730
2008.904219794 -68.890
2008.944947253 -69.649
2008.964215240 -73.285
2008.999857696 -67.078
2008.999962052 -66.088
2009.021537291 -67.726
2009.059912481 -69.021
2009.060007610 -69.432
2009.095675419 -67.970
2009.117865297 -71.844
2009.155949391 -67.559
2009.213527397 -72.982
2009.232382040 -67.950
2009.270709665 -69.219
2009.350294901 -72.203
2009.465477549 -69.551
2009.481830289 -69.135
2009.542064307 -69.190
2009.693251522 -72.290
