2008.312259032 -82.650
2008.331367638 -82.782
2008.388807301 -81.044
2008.407881755 -82.122
2008.446142608 -84.295
2008.465372647 -81.078
2008.485048573 -79.855
2008.599233455 -83.636
2008.618463494 -78.650
2008.665253112 -77.565
2008.695630313 -82.415
2008.713930631 -84.062
2008.831692092 -86.792
2008.848009639 -81.458
2008.886323619 -86.233
2008.905320279 -86.234
2008.924449757 -83.293
2008.943736718 -84.400
2009.039316971 -77.545
2009.058508371 -84.878
2009.096925419 -77.085
2009.252987062 -76.851
2009.338066971 -75.439
2009.384592846 -77.067
2009.403639650 -71.416
2009.441936834 -75.279
2009.461177702 -78.463
2009.480312024 -72.498
2009.502273592 -74.978
2009.540877093 -75.490
2009.625656393 -72.668
2009.639520548 -83.880
2009.672294521 -73.855
2009.729699391 -81.654
2009.818156393 -82.015
