# x_interp smoothed_curve trend rsd2
2011.050994 -86.123126 -84.640743 1.561861
2011.070172 -86.262748 -84.662696 1.561861
2011.089350 -86.356625 -84.687029 1.561861
2011.108528 -86.382398 -84.713767 1.561861
2011.127706 -86.332097 -84.742924 1.561861
2011.146884 -86.213893 -84.774508 1.561861
2011.166062 -86.050226 -84.808518 1.561861
2011.185241 -85.872560 -84.844941 1.561861
2011.204419 -85.713836 -84.883760 1.561861
2011.223597 -85.600223 -84.924946 1.561861
2011.242775 -85.543994 -84.968461 1.561861
2011.261953 -85.539211 -85.014261 1.561861
2011.281131 -85.561298 -85.062288 1.561861
2011.300309 -85.570832 -85.112471 1.561861
2011.319487 -85.520944 -85.164737 1.561861
2011.338665 -85.366919 -85.218997 1.561861
2011.357843 -85.076118 -85.275158 1.561861
2011.377021 -84.636160 -85.333113 1.561861
2011.396199 -84.059670 -85.392750 1.561861
2011.415378 -83.384506 -85.453945 1.561861
2011.434556 -82.669337 -85.516566 1.561861
2011.453734 -81.985309 -85.580473 1.561861
2011.472912 -81.405366 -85.645519 1.561861
2011.492090 -80.993208 -85.711546 1.561861
2011.511268 -80.793916 -85.778391 1.561861
2011.530446 -80.827912 -85.845883 1.561861
2011.549624 -81.089214 -85.913846 1.561861
2011.568802 -81.548067 -85.982098 1.561861
2011.587980 -82.157192 -86.050449 1.561861
2011.607158 -82.860221 -86.118708 1.561861
2011.626336 -83.600558 -86.186677 1.561861
2011.645515 -84.328970 -86.254156 1.561861
2011.664693 -85.008617 -86.320941 1.561861
2011.683871 -85.616891 -86.386827 1.561861
2011.703049 -86.144195 -86.451608 1.561861
2011.722227 -86.590457 -86.515075 1.561861
2011.741405 -86.960608 -86.577023 1.561861
2011.760583 -87.260364 -86.637243 1.561861
2011.779761 -87.493464 -86.695533 1.561861
2011.798939 -87.660966 -86.751688 1.561861
2011.818117 -87.762647 -86.805510 1.561861
2011.837295 -87.799903 -86.856807 1.561861
2011.856473 -87.779098 -86.905384 1.561861
2011.875652 -87.714211 -86.951052 1.561861
2011.894830 -87.627747 -86.993635 1.561861
2011.914008 -87.549279 -87.032962 1.561861
2011.933186 -87.511696 -87.068868 1.561861
2011.952364 -87.545770 -87.101196 1.561861
2011.971542 -87.674197 -87.129799 1.561861
2011.990720 -87.906475 -87.154540 1.561861
2012.009898 -88.235884 -87.175291 1.561861
2012.029076 -88.639452 -87.191939 1.561861
2012.048254 -89.081093 -87.204374 1.561861
2012.067432 -89.517451 -87.212493 1.561861
2012.086610 -89.905327 -87.216219 1.561861
2012.105789 -90.209098 -87.215496 1.561861
2012.124967 -90.406571 -87.210260 1.561861
2012.144145 -90.492031 -87.200467 1.561861
2012.163323 -90.475742 -87.186089 1.561861
2012.182501 -90.379996 -87.167113 1.561861
2012.201679 -90.232607 -87.143537 1.561861
2012.220857 -90.059300 -87.115378 1.561861
2012.240035 -89.876744 -87.082662 1.561861
2012.259213 -89.687873 -87.045429 1.561861
2012.278391 -89.480668 -87.003736 1.561861
2012.297569 -89.230791 -86.957650 1.561861
2012.316747 -88.907641 -86.907256 1.561861
2012.335926 -88.482572 -86.852653 1.561861
2012.355104 -87.937525 -86.793953 1.561861
2012.374282 -87.272136 -86.731284 1.561861
2012.393460 -86.507669 -86.664782 1.561861
2012.412638 -85.686747 -86.594597 1.561861
2012.431816 -84.868694 -86.520890 1.561861
2012.450994 -84.121251 -86.443833 1.561861
2012.470172 -83.510156 -86.363611 1.561861
2012.489350 -83.088571 -86.280417 1.561861
2012.508528 -82.888378 -86.194455 1.561861
2012.527706 -82.914983 -86.105945 1.561861
2012.546884 -83.146592 -86.015103 1.561861
2012.566062 -83.538029 -85.922158 1.561861
2012.585241 -84.028265 -85.827346 1.561861
2012.604419 -84.550136 -85.730907 1.561861
2012.623597 -85.040385 -85.633088 1.561861
2012.642775 -85.448164 -85.534141 1.561861
2012.661953 -85.740575 -85.434322 1.561861
2012.681131 -85.904507 -85.333887 1.561861
2012.700309 -85.944822 -85.233094 1.561861
2012.719487 -85.879699 -85.132202 1.561861
2012.738665 -85.734456 -85.031473 1.561861
2012.757843 -85.535360 -84.931167 1.561861
2012.777021 -85.304769 -84.831540 1.561861
2012.796199 -85.058520 -84.732845 1.561861
2012.815378 -84.805796 -84.635334 1.561861
2012.834556 -84.551082 -84.539254 1.561861
2012.853734 -84.297293 -84.444845 1.561861
2012.872912 -84.048929 -84.352338 1.561861
2012.892090 -83.814153 -84.261968 1.561861
2012.911268 -83.605030 -84.173959 1.561861
2012.930446 -83.435757 -84.088520 1.561861
2012.949624 -83.319310 -84.005853 1.561861
2012.968802 -83.263402 -83.926156 1.561861
2012.987980 -83.266953 -83.849616 1.561861
2013.007158 -83.318209 -83.776405 1.561861
2013.026336 -83.395326 -83.706687 1.561861
2013.045515 -83.469620 -83.640613 1.561861
2013.064693 -83.511032 -83.578326 1.561861
2013.083871 -83.494731 -83.519951 1.561861
2013.103049 -83.407399 -83.465605 1.561861
2013.122227 -83.251679 -83.415391 1.561861
2013.141405 -83.047549 -83.369399 1.561861
2013.160583 -82.830006 -83.327703 1.561861
2013.179761 -82.643216 -83.290365 1.561861
2013.198939 -82.532106 -83.257436 1.561861
2013.218117 -82.532952 -83.228953 1.561861
2013.237295 -82.664909 -83.204940 1.561861
2013.256473 -82.924270 -83.185404 1.561861
2013.275652 -83.282819 -83.170343 1.561861
2013.294830 -83.690816 -83.159740 1.561861
2013.314008 -84.084266 -83.153566 1.561861
2013.333186 -84.395219 -83.151781 1.561861
2013.352364 -84.563238 -83.154331 1.561861
2013.371542 -84.545887 -83.161150 1.561861
2013.390720 -84.326276 -83.172163 1.561861
2013.409898 -83.916252 -83.187283 1.561861
2013.429076 -83.354697 -83.206414 1.561861
2013.448254 -82.701309 -83.229446 1.561861
2013.467432 -82.027154 -83.256264 1.561861
2013.486610 -81.403782 -83.286744 1.561861
2013.505789 -80.892972 -83.320752 1.561861
2013.524967 -80.538912 -83.358147 1.561861
2013.544145 -80.364032 -83.398782 1.561861
2013.563323 -80.368939 -83.442504 1.561861
2013.582501 -80.536017 -83.489154 1.561861
2013.601679 -80.835576 -83.538567 1.561861
2013.620857 -81.232991 -83.590574 1.561861
2013.640035 -81.695222 -83.645006 1.561861
2013.659213 -82.195407 -83.701685 1.561861
2013.678391 -82.714796 -83.760438 1.561861
2013.697569 -83.242003 -83.821084 1.561861
2013.716747 -83.770209 -83.883443 1.561861
2013.735926 -84.293427 -83.947337 1.561861
2013.755104 -84.803110 -84.012588 1.561861
2013.774282 -85.286195 -84.079015 1.561861
2013.793460 -85.725277 -84.146441 1.561861
2013.812638 -86.100955 -84.214693 1.561861
2013.831816 -86.395775 -84.283599 1.561861
2013.850994 -86.598748 -84.352991 1.561861
2013.870172 -86.709153 -84.422704 1.561861
2013.889350 -86.738517 -84.492577 1.561861
2013.908528 -86.709987 -84.562455 1.561861
2013.927706 -86.654995 -84.632186 1.561861
2013.946884 -86.607746 -84.701628 1.561861
2013.966062 -86.598635 -84.770639 1.561861
2013.985241 -86.648040 -84.839085 1.561861
2014.004419 -86.761902 -84.906839 1.561861
2014.023597 -86.930179 -84.973779 1.561861
2014.042775 -87.128647 -85.039794 1.561861
2014.061953 -87.323760 -85.104775 1.561861
2014.081131 -87.479604 -85.168625 1.561861
2014.100309 -87.565443 -85.231252 1.561861
2014.119487 -87.562205 -85.292566 1.561861
2014.138665 -87.466449 -85.352493 1.561861
2014.157843 -87.290845 -85.410961 1.561861
2014.177021 -87.061022 -85.467907 1.561861
2014.196199 -86.809416 -85.523275 1.561861
2014.215378 -86.567456 -85.577016 1.561861
2014.234556 -86.357830 -85.629089 1.561861
2014.253734 -86.188614 -85.679456 1.561861
2014.272912 -86.050668 -85.728091 1.561861
2014.292090 -85.919023 -85.774974 1.561861
2014.311268 -85.758109 -85.820086 1.561861
2014.330446 -85.529837 -85.863419 1.561861
2014.349624 -85.202897 -85.904970 1.561861
2014.368802 -84.761298 -85.944741 1.561861
2014.387980 -84.210325 -85.982739 1.561861
2014.407158 -83.578557 -86.018976 1.561861
2014.426336 -82.915413 -86.053468 1.561861
2014.445515 -82.284566 -86.086238 1.561861
2014.464693 -81.754435 -86.117311 1.561861
2014.483871 -81.387566 -86.146716 1.561861
2014.503049 -81.230870 -86.174484 1.561861
2014.522227 -81.308551 -86.200653 1.561861
2014.541405 -81.618947 -86.225260 1.561861
2014.560583 -82.135710 -86.248348 1.561861
2014.579761 -82.812888 -86.269959 1.561861
2014.598939 -83.592743 -86.290136 1.561861
2014.618117 -84.414639 -86.308928 1.561861
2014.637295 -85.223266 -86.326383 1.561861
2014.656473 -85.974729 -86.342550 1.561861
2014.675652 -86.639628 -86.357478 1.561861
2014.694830 -87.202939 -86.371217 1.561861
2014.714008 -87.661278 -86.383816 1.561861
2014.733186 -88.018617 -86.395325 1.561861
2014.752364 -88.281795 -86.405795 1.561861
2014.771542 -88.457063 -86.415277 1.561861
2014.790720 -88.548509 -86.423818 1.561861
2014.809898 -88.558618 -86.431469 1.561861
2014.829076 -88.490595 -86.438274 1.561861
2014.848254 -88.351567 -86.444281 1.561861
2014.867432 -88.155485 -86.449537 1.561861
2014.886610 -87.924607 -86.454085 1.561861
2014.905789 -87.688807 -86.457966 1.561861
2014.924967 -87.482463 -86.461223 1.561861
2014.944145 -87.339376 -86.463896 1.561861
2014.963323 -87.286709 -86.466023 1.561861
2014.982501 -87.339314 -86.467641 1.561861
2015.001679 -87.495799 -86.468787 1.561861
2015.020857 -87.737424 -86.469492 1.561861
2015.040035 -88.030317 -86.469791 1.561861
2015.059213 -88.330764 -86.469717 1.561861
2015.078391 -88.592644 -86.469299 1.561861
2015.097569 -88.775528 -86.468567 1.561861
2015.116747 -88.851761 -86.467547 1.561861
2015.135926 -88.811017 -86.466266 1.561861
2015.155104 -88.661295 -86.464750 1.561861
2015.174282 -88.426101 -86.463021 1.561861
2015.193460 -88.138386 -86.461106 1.561861
2015.212638 -87.832524 -86.459026 1.561861
2015.231816 -87.536087 -86.456803 1.561861
2015.250994 -87.263254 -86.454462 1.561861
2015.270172 -87.011358 -86.452023 1.561861
2015.289350 -86.761442 -86.449507 1.561861
2015.308528 -86.482800 -86.446935 1.561861
2015.327706 -86.140641 -86.444327 1.561861
2015.346884 -85.705284 -86.441704 1.561861
2015.366062 -85.160947 -86.439086 1.561861
2015.385241 -84.512214 -86.436494 1.561861
2015.404419 -83.786729 -86.433949 1.561861
2015.423597 -83.033436 -86.431471 1.561861
2015.442775 -82.316556 -86.429084 1.561861
2015.461953 -81.706410 -86.426807 1.561861
2015.481131 -81.268805 -86.424663 1.561861
2015.500309 -81.054976 -86.422674 1.561861
2015.519487 -81.093947 -86.420861 1.561861
2015.538665 -81.388678 -86.419249 1.561861
2015.557843 -81.916519 -86.417864 1.561861
2015.577021 -82.633698 -86.416728 1.561861
2015.596199 -83.482765 -86.415863 1.561861
2015.615378 -84.401375 -86.415297 1.561861
2015.634556 -85.330683 -86.415053 1.561861
2015.653734 -86.221824 -86.415157 1.561861
2015.672912 -87.039487 -86.415636 1.561861
2015.692090 -87.762313 -86.416514 1.561861
2015.711268 -88.380581 -86.417812 1.561861
2015.730446 -88.892214 -86.419560 1.561861
2015.749624 -89.298393 -86.421784 1.561861
2015.768802 -89.600077 -86.424507 1.561861
2015.787980 -89.796333 -86.427754 1.561861
2015.807158 -89.884832 -86.431548 1.561861
2015.826336 -89.864185 -86.435917 1.561861
2015.845515 -89.737310 -86.440879 1.561861
2015.864693 -89.514666 -86.446454 1.561861
2015.883871 -89.216200 -86.452666 1.561861
2015.903049 -88.871123 -86.459535 1.561861
2015.922227 -88.515226 -86.467079 1.561861
2015.941405 -88.186051 -86.475315 1.561861
2015.960583 -87.916830 -86.484257 1.561861
2015.979761 -87.730519 -86.493919 1.561861
2015.998939 -87.635307 -86.504313 1.561861
2016.018117 -87.622752 -86.515449 1.561861
2016.037295 -87.669159 -86.527335 1.561861
2016.056473 -87.740074 -86.539978 1.561861
2016.075652 -87.797087 -86.553380 1.561861
2016.094830 -87.805577 -86.567544 1.561861
2016.114008 -87.741720 -86.582466 1.561861
2016.133186 -87.597253 -86.598141 1.561861
2016.152364 -87.380893 -86.614567 1.561861
2016.171542 -87.116019 -86.631736 1.561861
2016.190720 -86.835090 -86.649634 1.561861
2016.209898 -86.571972 -86.668245 1.561861
2016.229076 -86.353855 -86.687555 1.561861
2016.248254 -86.194563 -86.707543 1.561861
2016.267432 -86.090830 -86.728187 1.561861
2016.286610 -86.022440 -86.749462 1.561861
2016.305789 -85.956358 -86.771340 1.561861
2016.324967 -85.854054 -86.793791 1.561861
2016.344145 -85.680531 -86.816782 1.561861
2016.363323 -85.413152 -86.840278 1.561861
2016.382501 -85.048359 -86.864240 1.561861
2016.401679 -84.604769 -86.888627 1.561861
2016.420857 -84.121902 -86.913399 1.561861
2016.440035 -83.654646 -86.938511 1.561861
2016.459213 -83.264493 -86.963916 1.561861
2016.478391 -83.009222 -86.989565 1.561861
2016.497569 -82.933017 -87.015408 1.561861
2016.516747 -83.058932 -87.041394 1.561861
2016.535926 -83.385107 -87.067470 1.561861
2016.555104 -83.885356 -87.093580 1.561861
2016.574282 -84.513897 -87.119671 1.561861
2016.593460 -85.213152 -87.145685 1.561861
2016.612638 -85.923000 -87.171567 1.561861
2016.631816 -86.589670 -87.197257 1.561861
2016.650994 -87.172628 -87.222699 1.561861
2016.670172 -87.648359 -87.247837 1.561861
2016.689350 -88.010646 -87.272611 1.561861
2016.708528 -88.267732 -87.296964 1.561861
2016.727706 -88.437391 -87.320840 1.561861
2016.746884 -88.541241 -87.344186 1.561861
2016.766062 -88.599726 -87.366944 1.561861
2016.785241 -88.628848 -87.389061 1.561861
2016.804419 -88.639170 -87.410485 1.561861
2016.823597 -88.637003 -87.431165 1.561861
2016.842775 -88.627062 -87.451053 1.561861
2016.861953 -88.615549 -87.470101 1.561861
2016.881131 -88.612479 -87.488264 1.561861
2016.900309 -88.632336 -87.505501 1.561861
2016.919487 -88.692612 -87.521772 1.561861
2016.938665 -88.810395 -87.537038 1.561861
2016.957843 -88.997759 -87.551264 1.561861
2016.977021 -89.257127 -87.564417 1.561861
2016.996199 -89.577908 -87.576469 1.561861
2017.015378 -89.935484 -87.587395 1.561861
2017.034556 -90.293174 -87.597172 1.561861
2017.053734 -90.607091 -87.605779 1.561861
2017.072912 -90.833122 -87.613201 1.561861
2017.092090 -90.934697 -87.619424 1.561861
2017.111268 -90.889723 -87.624439 1.561861
2017.130446 -90.695151 -87.628243 1.561861
2017.149624 -90.368049 -87.630830 1.561861
2017.168802 -89.942785 -87.632199 1.561861
2017.187980 -89.464741 -87.632358 1.561861
2017.207158 -88.981719 -87.631315 1.561861
2017.226336 -88.534781 -87.629079 1.561861
2017.245515 -88.150415 -87.625665 1.561861
2017.264693 -87.835698 -87.621091 1.561861
2017.283871 -87.577523 -87.615379 1.561861
2017.303049 -87.346140 -87.608553 1.561861
2017.322227 -87.102342 -87.600639 1.561861
2017.341405 -86.806847 -87.591669 1.561861
2017.360583 -86.429956 -87.581672 1.561861
2017.379761 -85.959491 -87.570687 1.561861
2017.398939 -85.405324 -87.558754 1.561861
2017.418117 -84.799553 -87.545910 1.561861
2017.437295 -84.192230 -87.532199 1.561861
2017.456473 -83.643486 -87.517667 1.561861
2017.475652 -83.213580 -87.502358 1.561861
2017.494830 -82.952854 -87.486324 1.561861
2017.514008 -82.893504 -87.469612 1.561861
2017.533186 -83.044696 -87.452275 1.561861
2017.552364 -83.391834 -87.434369 1.561861
2017.571542 -83.899899 -87.415947 1.561861
2017.590720 -84.520011 -87.397063 1.561861
2017.609898 -85.197724 -87.377772 1.561861
2017.629076 -85.881325 -87.358132 1.561861
2017.648254 -86.528520 -87.338199 1.561861
2017.667432 -87.110385 -87.318029 1.561861
2017.686610 -87.612112 -87.297681 1.561861
2017.705789 -88.030823 -87.277211 1.561861
2017.724967 -88.371400 -87.256674 1.561861
2017.744145 -88.641615 -87.236128 1.561861
2017.763323 -88.847911 -87.215627 1.561861
2017.782501 -88.992902 -87.195225 1.561861
2017.801679 -89.075137 -87.174977 1.561861
2017.820857 -89.091010 -87.154937 1.561861
2017.840035 -89.038131 -87.135154 1.561861
2017.859213 -88.919036 -87.115678 1.561861
2017.878391 -88.744039 -87.096558 1.561861
2017.897569 -88.532198 -87.077841 1.561861
2017.916747 -88.309890 -87.059571 1.561861
2017.935926 -88.107084 -87.041791 1.561861
2017.955104 -87.952032 -87.024544 1.561861
2017.974282 -87.865567 -87.007872 1.561861
2017.993460 -87.856395 -86.991809 1.561861
2018.012638 -87.918584 -86.976393 1.561861
2018.031816 -88.032035 -86.961656 1.561861
2018.050994 -88.166041 -86.947627 1.561861
2018.070172 -88.285307 -86.934338 1.561861
2018.089350 -88.357207 -86.921815 1.561861
2018.108528 -88.358714 -86.910083 1.561861
2018.127706 -88.281425 -86.899163 1.561861
2018.146884 -88.133469 -86.889077 1.561861
2018.166062 -87.937756 -86.879843 1.561861
2018.185241 -87.726802 -86.871476 1.561861
2018.204419 -87.535186 -86.863985 1.561861
2018.223597 -87.391218 -86.857386 1.561861
2018.242775 -87.309663 -86.851688 1.561861
2018.261953 -87.287191 -86.846896 1.561861
2018.281131 -87.301689 -86.843014 1.561861
2018.300309 -87.315760 -86.840047 1.561861
2018.319487 -87.283839 -86.837994 1.561861
2018.338665 -87.161574 -86.836856 1.561861
2018.357843 -86.915589 -86.836628 1.561861
2018.377021 -86.531630 -86.837306 1.561861
2018.396199 -86.019365 -86.838884 1.561861
2018.415378 -85.412802 -86.841352 1.561861
2018.434556 -84.766133 -86.844702 1.561861
2018.453734 -84.145764 -86.848922 1.561861
2018.472912 -83.620013 -86.854001 1.561861
2018.492090 -83.248454 -86.859924 1.561861
2018.511268 -83.072880 -86.866674 1.561861
2018.530446 -83.111523 -86.874236 1.561861
2018.549624 -83.357443 -86.882593 1.561861
2018.568802 -83.781182 -86.891726 1.561861
2018.587980 -84.336896 -86.901617 1.561861
2018.607158 -84.970570 -86.912244 1.561861
2018.626336 -85.628570 -86.923586 1.561861
2018.645515 -86.264873 -86.935621 1.561861
2018.664693 -86.845739 -86.948327 1.561861
2018.683871 -87.351230 -86.961680 1.561861
2018.703049 -87.773738 -86.975658 1.561861
2018.722227 -88.114349 -86.990236 1.561861
2018.741405 -88.378291 -87.005390 1.561861
2018.760583 -88.570809 -87.021094 1.561861
2018.779761 -88.694563 -87.037323 1.561861
2018.798939 -88.749190 -87.054052 1.561861
2018.818117 -88.732977 -87.071256 1.561861
2018.837295 -88.646039 -87.088910 1.561861
2018.856473 -88.493915 -87.106987 1.561861
2018.875652 -88.290387 -87.125463 1.561861
2018.894830 -88.058459 -87.144312 1.561861
2018.914008 -87.828915 -87.163507 1.561861
2018.933186 -87.636478 -87.183023 1.561861
2018.952364 -87.514233 -87.202835 1.561861
2018.971542 -87.487481 -87.222917 1.561861
2018.990720 -87.568434 -87.243245 1.561861
2019.009898 -87.753026 -87.263794 1.561861
2019.029076 -88.020748 -87.284538 1.561861
2019.048254 -88.337716 -87.305455 1.561861
2019.067432 -88.662494 -87.326519 1.561861
2019.086610 -88.953504 -87.347708 1.561861
2019.105789 -89.176498 -87.368998 1.561861
2019.124967 -89.310463 -87.390367 1.561861
2019.144145 -89.350658 -87.411792 1.561861
2019.163323 -89.308079 -87.433250 1.561861
2019.182501 -89.205435 -87.454720 1.561861
2019.201679 -89.070522 -87.476180 1.561861
2019.220857 -88.928457 -87.497609 1.561861
2019.240035 -88.794574 -87.518988 1.561861
2019.259213 -88.669644 -87.540296 1.561861
2019.278391 -88.538625 -87.561515 1.561861
2019.297569 -88.373386 -87.582626 1.561861
2019.316747 -88.138969 -87.603612 1.561861
2019.335926 -87.802160 -87.624455 1.561861
2019.355104 -87.340580 -87.645138 1.561861
2019.374282 -86.750337 -87.665646 1.561861
2019.393460 -86.050529 -87.685964 1.561861
2019.412638 -85.283479 -87.706077 1.561861
2019.431816 -84.510487 -87.725969 1.561861
2019.450994 -83.803741 -87.745629 1.561861
2019.470172 -83.235869 -87.765048 1.561861
2019.489350 -82.869046 -87.784211 1.561861
2019.508528 -82.745696 -87.803109 1.561861
2019.527706 -82.882472 -87.821732 1.561861
2019.546884 -83.268509 -87.840074 1.561861
2019.566062 -83.868138 -87.858126 1.561861
2019.585241 -84.627316 -87.875883 1.561861
2019.604419 -85.482395 -87.893340 1.561861
2019.623597 -86.369452 -87.910494 1.561861
2019.642775 -87.232420 -87.927340 1.561861
2019.661953 -88.028663 -87.943876 1.561861
2019.681131 -88.731261 -87.960105 1.561861
2019.700309 -89.328047 -87.976027 1.561861
2019.719487 -89.818137 -87.991645 1.561861
2019.738665 -90.207178 -88.006962 1.561861
2019.757843 -90.502684 -88.021985 1.561861
2019.777021 -90.710675 -88.036718 1.561861
2019.796199 -90.834366 -88.051172 1.561861
2019.815378 -90.875027 -88.065357 1.561861
2019.834556 -90.834514 -88.079283 1.561861
2019.853734 -90.718508 -88.092962 1.561861
2019.872912 -90.539285 -88.106410 1.561861
2019.892090 -90.316939 -88.119641 1.561861
2019.911268 -90.078418 -88.132674 1.561861
2019.930446 -89.854275 -88.145528 1.561861
2019.949624 -89.673708 -88.158222 1.561861
2019.968802 -89.558953 -88.170777 1.561861
2019.987980 -89.520363 -88.183219 1.561861
2020.007158 -89.553454 -88.195573 1.561861
2020.026336 -89.638810 -88.207864 1.561861
2020.045515 -89.745138 -88.220122 1.561861
2020.064693 -89.835012 -88.232375 1.561861
2020.083871 -89.872218 -88.244654 1.561861
2020.103049 -89.829167 -88.256989 1.561861
2020.122227 -89.692752 -88.269413 1.561861
2020.141405 -89.467291 -88.281962 1.561861
2020.160583 -89.173796 -88.294671 1.561861
2020.179761 -88.845590 -88.307576 1.561861
2020.198939 -88.521114 -88.320716 1.561861
2020.218117 -88.235405 -88.334126 1.561861
2020.237295 -88.012080 -88.347848 1.561861
2020.256473 -87.857608 -88.361919 1.561861
2020.275652 -87.759219 -88.376379 1.561861
2020.294830 -87.687028 -88.391270 1.561861
2020.314008 -87.600094 -88.406632 1.561861
2020.333186 -87.455254 -88.422506 1.561861
2020.352364 -87.216979 -88.438933 1.561861
2020.371542 -86.866212 -88.455953 1.561861
2020.390720 -86.406357 -88.473606 1.561861
2020.409898 -85.865112 -88.491932 1.561861
2020.429076 -85.291684 -88.510972 1.561861
2020.448254 -84.749864 -88.530765 1.561861
2020.467432 -84.308253 -88.551348 1.561861
2020.486610 -84.029490 -88.572758 1.561861
2020.505789 -83.960511 -88.595031 1.561861
2020.524967 -84.125589 -88.618200 1.561861
2020.544145 -84.523355 -88.642298 1.561861
2020.563323 -85.128115 -88.667358 1.561861
2020.582501 -85.894973 -88.693411 1.561861
2020.601679 -86.767498 -88.720483 1.561861
2020.620857 -87.686332 -88.748599 1.561861
2020.640035 -88.596993 -88.777783 1.561861
2020.659213 -89.455504 -88.808056 1.561861
2020.678391 -90.231067 -88.839436 1.561861
2020.697569 -90.905719 -88.871938 1.561861
2020.716747 -91.471589 -88.905575 1.561861
2020.735926 -91.926890 -88.940360 1.561861
2020.755104 -92.271949 -88.976296 1.561861
2020.774282 -92.506455 -89.013388 1.561861
2020.793460 -92.628651 -89.051637 1.561861
2020.812638 -92.636593 -89.091041 1.561861
2020.831816 -92.531008 -89.131593 1.561861
2020.850994 -92.318755 -89.173285 1.561861
2020.870172 -92.015705 -89.216103 1.561861
2020.889350 -91.647939 -89.260029 1.561861
2020.908528 -91.250554 -89.305043 1.561861
2020.927706 -90.863959 -89.351122 1.561861
2020.946884 -90.528224 -89.398237 1.561861
2020.966062 -90.276557 -89.446358 1.561861
2020.985241 -90.129337 -89.495450 1.561861
2021.004419 -90.090083 -89.545474 1.561861
2021.023597 -90.144425 -89.596388 1.561861
2021.042775 -90.262475 -89.648145 1.561861
2021.061953 -90.404316 -89.700699 1.561861
2021.081131 -90.527563 -89.753998 1.561861
2021.100309 -90.595487 -89.807980 1.561861
2021.119487 -90.584019 -89.862587 1.561861
2021.138665 -90.486118 -89.917760 1.561861
2021.157843 -90.312536 -89.973436 1.561861
2021.177021 -90.088811 -90.029543 1.561861
2021.196199 -89.849115 -90.086012 1.561861
2021.215378 -89.628265 -90.142770 1.561861
2021.234556 -89.453677 -90.199742 1.561861
2021.253734 -89.339027 -90.256852 1.561861
2021.272912 -89.281070 -90.314018 1.561861
2021.292090 -89.260373 -90.371162 1.561861
2021.311268 -89.245853 -90.428200 1.561861
2021.330446 -89.202196 -90.485050 1.561861
2021.349624 -89.098561 -90.541630 1.561861
2021.368802 -88.916679 -90.597854 1.561861
2021.387980 -88.656562 -90.653634 1.561861
2021.407158 -88.338519 -90.708889 1.561861
2021.426336 -88.000942 -90.763532 1.561861
2021.445515 -87.694252 -90.817478 1.561861
2021.464693 -87.472172 -90.870644 1.561861
2021.483871 -87.382081 -90.922948 1.561861
2021.503049 -87.456376 -90.974308 1.561861
2021.522227 -87.706567 -91.024644 1.561861
2021.541405 -88.121240 -91.073875 1.561861
2021.560583 -88.668212 -91.121929 1.561861
2021.579761 -89.300333 -91.168733 1.561861
2021.598939 -89.963689 -91.214214 1.561861
2021.618117 -90.606500 -91.258303 1.561861
2021.637295 -91.186934 -91.300938 1.561861
2021.656473 -91.678401 -91.342058 1.561861
2021.675652 -92.071459 -91.381604 1.561861
2021.694830 -92.372280 -91.419523 1.561861
2021.714008 -92.598323 -91.455767 1.561861
2021.733186 -92.772436 -91.490291 1.561861
2021.752364 -92.916855 -91.523054 1.561861
2021.771542 -93.048478 -91.554021 1.561861
2021.790720 -93.176370 -91.583162 1.561861
2021.809898 -93.301834 -91.610452 1.561861
2021.829076 -93.420738 -91.635870 1.561861
2021.848254 -93.527196 -91.659401 1.561861
2021.867432 -93.617418 -91.681036 1.561861
2021.886610 -93.692528 -91.700769 1.561861
2021.905789 -93.759461 -91.718604 1.561861
2021.924967 -93.829591 -91.734548 1.561861
2021.944145 -93.915390 -91.748615 1.561861
2021.963323 -94.025976 -91.760823 1.561861
2021.982501 -94.162765 -91.771196 1.561861
2022.001679 -94.316512 -91.779765 1.561861
2022.020857 -94.466735 -91.786564 1.561861
2022.040035 -94.583998 -91.791633 1.561861
2022.059213 -94.634804 -91.795020 1.561861
2022.078391 -94.588216 -91.796774 1.561861
2022.097569 -94.422809 -91.796956 1.561861
2022.116747 -94.132353 -91.795626 1.561861
2022.135926 -93.728844 -91.792848 1.561861
2022.155104 -93.241970 -91.788692 1.561861
2022.174282 -92.714866 -91.783235 1.561861
2022.193460 -92.196807 -91.776557 1.561861
2022.212638 -91.734228 -91.768739 1.561861
2022.231816 -91.361867 -91.759867 1.561861
2022.250994 -91.095890 -91.750030 1.561861
2022.270172 -90.930511 -91.739323 1.561861
2022.289350 -90.838928 -91.727839 1.561861
2022.308528 -90.778547 -91.715676 1.561861
2022.327706 -90.699530 -91.702933 1.561861
2022.346884 -90.555035 -91.689709 1.561861
2022.366062 -90.311117 -91.676109 1.561861
2022.385241 -89.954317 -91.662233 1.561861
2022.404419 -89.495418 -91.648186 1.561861
2022.423597 -88.968610 -91.634072 1.561861
2022.442775 -88.426235 -91.619993 1.561861
2022.461953 -87.930164 -91.606051 1.561861
2022.481131 -87.541515 -91.592349 1.561861
2022.500309 -87.310684 -91.578985 1.561861
2022.519487 -87.269573 -91.566059 1.561861
2022.538665 -87.427379 -91.553667 1.561861
2022.557843 -87.770526 -91.541903 1.561861
2022.577021 -88.266481 -91.530856 1.561861
2022.596199 -88.870426 -91.520615 1.561861
2022.615378 -89.533237 -91.511264 1.561861
2022.634556 -90.209076 -91.502883 1.561861
2022.653734 -90.861134 -91.495548 1.561861
2022.672912 -91.464578 -91.489332 1.561861
2022.692090 -92.006466 -91.484300 1.561861
2022.711268 -92.483111 -91.480515 1.561861
2022.730446 -92.895948 -91.478032 1.561861
2022.749624 -93.247193 -91.476904 1.561861
2022.768802 -93.536564 -91.477177 1.561861
2022.787980 -93.759939 -91.478889 1.561861
2022.807158 -93.910261 -91.482074 1.561861
2022.826336 -93.980352 -91.486761 1.561861
2022.845515 -93.966745 -91.492971 1.561861
2022.864693 -93.873345 -91.500719 1.561861
2022.883871 -93.713729 -91.510011 1.561861
2022.903049 -93.511203 -91.520853 1.561861
2022.922227 -93.296277 -91.533240 1.561861
2022.941405 -93.101912 -91.547161 1.561861
2022.960583 -92.957458 -91.562601 1.561861
2022.979761 -92.882635 -91.579534 1.561861
2022.998939 -92.882968 -91.597932 1.561861
2023.018117 -92.947864 -91.617760 1.561861
2023.037295 -93.051950 -91.638978 1.561861
2023.056473 -93.159595 -91.661536 1.561861
2023.075652 -93.231789 -91.685384 1.561861
2023.094830 -93.233998 -91.710462 1.561861
2023.114008 -93.143334 -91.736707 1.561861
2023.133186 -92.953447 -91.764050 1.561861
2023.152364 -92.676055 -91.792418 1.561861
2023.171542 -92.338662 -91.821735 1.561861
2023.190720 -91.978908 -91.851921 1.561861
2023.209898 -91.636704 -91.882890 1.561861
2023.229076 -91.345837 -91.914550 1.561861
2023.248254 -91.126873 -91.946812 1.561861
2023.267432 -90.982910 -91.979584 1.561861
2023.286610 -90.899183 -92.012769 1.561861
2023.305789 -90.846665 -92.046266 1.561861
2023.324967 -90.788928 -92.079977 1.561861
2023.344145 -90.690842 -92.113801 1.561861
2023.363323 -90.527242 -92.147635 1.561861
2023.382501 -90.289690 -92.181376 1.561861
2023.401679 -89.989841 -92.214924 1.561861
2023.420857 -89.658640 -92.248176 1.561861
2023.440035 -89.341431 -92.281033 1.561861
2023.459213 -89.089968 -92.313393 1.561861
2023.478391 -88.952921 -92.345159 1.561861
2023.497569 -88.966797 -92.376236 1.561861
2023.516747 -89.149115 -92.406529 1.561861
2023.535926 -89.495148 -92.435947 1.561861
2023.555104 -89.978829 -92.464403 1.561861
2023.574282 -90.557524 -92.491813 1.561861
2023.593460 -91.179595 -92.518096 1.561861
2023.612638 -91.793171 -92.543176 1.561861
2023.631816 -92.354324 -92.566981 1.561861
2023.650994 -92.833087 -92.589444 1.561861
2023.670172 -93.216276 -92.610501 1.561861
2023.689350 -93.506823 -92.630095 1.561861
2023.708528 -93.720081 -92.648176 1.561861
2023.727706 -93.878192 -92.664696 1.561861
2023.746884 -94.003960 -92.679614 1.561861
2023.766062 -94.115651 -92.692895 1.561861
2023.785241 -94.223848 -92.704510 1.561861
2023.804419 -94.330866 -92.714435 1.561861
2023.823597 -94.432600 -92.722656 1.561861
2023.842775 -94.522059 -92.729161 1.561861
2023.861953 -94.593424 -92.733946 1.561861
2023.881131 -94.645411 -92.737011 1.561861
2023.900309 -94.682908 -92.738364 1.561861
2023.919487 -94.716355 -92.738018 1.561861
2023.938665 -94.758982 -92.735996 1.561861
2023.957843 -94.822573 -92.732322 1.561861
2023.977021 -94.912921 -92.727029 1.561861
2023.996199 -95.026256 -92.720151 1.561861
2024.015378 -95.147754 -92.711735 1.561861
2024.034556 -95.252775 -92.701828 1.561861
2024.053734 -95.310822 -92.690483 1.561861
2024.072912 -95.291529 -92.677757 1.561861
2024.092090 -95.171413 -92.663713 1.561861
2024.111268 -94.939871 -92.648417 1.561861
2024.130446 -94.602934 -92.631944 1.561861
2024.149624 -94.183747 -92.614369 1.561861
2024.168802 -93.719393 -92.595770 1.561861
2024.187980 -93.254518 -92.576227 1.561861
2024.207158 -92.832924 -92.555826 1.561861
2024.226336 -92.488833 -92.534654 1.561861
2024.245515 -92.239670 -92.512801 1.561861
2024.264693 -92.081980 -92.490359 1.561861
2024.283871 -91.991488 -92.467420 1.561861
2024.303049 -91.927461 -92.444077 1.561861
2024.322227 -91.840655 -92.420428 1.561861
2024.341405 -91.683321 -92.396567 1.561861
2024.360583 -91.419316 -92.372590 1.561861
2024.379761 -91.032297 -92.348591 1.561861
2024.398939 -90.530306 -92.324665 1.561861
2024.418117 -89.945810 -92.300908 1.561861
2024.437295 -89.331130 -92.277410 1.561861
2024.456473 -88.750140 -92.254263 1.561861
2024.475652 -88.267843 -92.231558 1.561861
2024.494830 -87.939814 -92.209381 1.561861
2024.514008 -87.803505 -92.187816 1.561861
2024.533186 -87.872971 -92.166946 1.561861
2024.552364 -88.137844 -92.146849 1.561861
2024.571542 -88.566517 -92.127603 1.561861
2024.590720 -89.112651 -92.109278 1.561861
2024.609898 -89.723536 -92.091943 1.561861
2024.629076 -90.348544 -92.075663 1.561861
2024.648254 -90.946016 -92.060499 1.561861
2024.667432 -91.487441 -92.046508 1.561861
2024.686610 -91.958395 -92.033742 1.561861
2024.705789 -92.356529 -92.022248 1.561861
2024.724967 -92.687492 -92.012071 1.561861
2024.744145 -92.960074 -92.003247 1.561861
2024.763323 -93.181923 -91.995813 1.561861
2024.782501 -93.356921 -91.989795 1.561861
2024.801679 -93.484758 -91.985219 1.561861
2024.811831 -93.541620 -91.972008 1.561861
