# x_interp smoothed_curve trend rsd2
2012.539700 -86.971294 -88.350502 3.643738
2012.558878 -87.176183 -88.342489 3.643738
2012.578056 -87.371589 -88.336869 3.643738
2012.597234 -87.509132 -88.333698 3.643738
2012.616412 -87.559249 -88.333025 3.643738
2012.635590 -87.521822 -88.334894 3.643738
2012.654768 -87.429343 -88.339341 3.643738
2012.673947 -87.341396 -88.346395 3.643738
2012.693125 -87.331331 -88.356077 3.643738
2012.712303 -87.467999 -88.368400 3.643738
2012.731481 -87.796771 -88.383371 3.643738
2012.750659 -88.324440 -88.400988 3.643738
2012.769837 -89.011946 -88.421242 3.643738
2012.789015 -89.777172 -88.444116 3.643738
2012.808193 -90.507896 -88.469584 3.643738
2012.827371 -91.082579 -88.497614 3.643738
2012.846549 -91.394849 -88.528166 3.643738
2012.865727 -91.376476 -88.561192 3.643738
2012.884905 -91.013794 -88.596635 3.643738
2012.904084 -90.353739 -88.634434 3.643738
2012.923262 -89.497827 -88.674519 3.643738
2012.942440 -88.584933 -88.716813 3.643738
2012.961618 -87.766134 -88.761233 3.643738
2012.980796 -87.176633 -88.807689 3.643738
2012.999974 -86.910474 -88.856087 3.643738
2013.019152 -87.003203 -88.906325 3.643738
2013.038330 -87.426026 -88.958296 3.643738
2013.057508 -88.092584 -89.011891 3.643738
2013.076686 -88.876851 -89.066992 3.643738
2013.095864 -89.638343 -89.123483 3.643738
2013.115042 -90.249356 -89.181238 3.643738
2013.134221 -90.618630 -89.240127 3.643738
2013.153399 -90.706688 -89.300025 3.643738
2013.172577 -90.529965 -89.360800 3.643738
2013.191755 -90.153336 -89.422319 3.643738
2013.210933 -89.673084 -89.484444 3.643738
2013.230111 -89.194374 -89.547042 3.643738
2013.249289 -88.808312 -89.609987 3.643738
2013.268467 -88.573540 -89.673126 3.643738
2013.287645 -88.506287 -89.736333 3.643738
2013.306823 -88.580508 -89.799474 3.643738
2013.326001 -88.737690 -89.862421 3.643738
2013.345179 -88.903562 -89.925040 3.643738
2013.364358 -89.007616 -89.987204 3.643738
2013.383536 -89.000733 -90.048792 3.643738
2013.402714 -88.866910 -90.109683 3.643738
2013.421892 -88.626551 -90.169754 3.643738
2013.441070 -88.330897 -90.228898 3.643738
2013.460248 -88.049176 -90.287007 3.643738
2013.479426 -87.851879 -90.343981 3.643738
2013.498604 -87.794289 -90.399709 3.643738
2013.517782 -87.904368 -90.454112 3.643738
2013.536960 -88.177741 -90.507101 3.643738
2013.556138 -88.581003 -90.558593 3.643738
2013.575316 -89.062281 -90.608515 3.643738
2013.594495 -89.566266 -90.656799 3.643738
2013.613673 -90.049802 -90.703384 3.643738
2013.632851 -90.493937 -90.748215 3.643738
2013.652029 -90.909175 -90.791245 3.643738
2013.671207 -91.332353 -90.832434 3.643738
2013.690385 -91.815596 -90.871744 3.643738
2013.709563 -92.409886 -90.909149 3.643738
2013.728741 -93.147159 -90.944639 3.643738
2013.747919 -94.025432 -90.978192 3.643738
2013.767097 -95.001007 -91.009800 3.643738
2013.786275 -95.990179 -91.039464 3.643738
2013.805453 -96.880823 -91.067186 3.643738
2013.824632 -97.551925 -91.092960 3.643738
2013.843810 -97.897240 -91.116846 3.643738
2013.862988 -97.847790 -91.138850 3.643738
2013.882166 -97.388561 -91.159000 3.643738
2013.901344 -96.565172 -91.177332 3.643738
2013.920522 -95.478720 -91.193886 3.643738
2013.939700 -94.269382 -91.208708 3.643738
2013.958878 -93.091791 -91.221846 3.643738
2013.978056 -92.087058 -91.233355 3.643738
2013.997234 -91.357087 -91.243292 3.643738
2014.016412 -90.946474 -91.251720 3.643738
2014.035590 -90.835715 -91.258700 3.643738
2014.054768 -90.947125 -91.264303 3.643738
2014.073947 -91.162211 -91.268597 3.643738
2014.093125 -91.346855 -91.271655 3.643738
2014.112303 -91.379090 -91.273552 3.643738
2014.131481 -91.173718 -91.274361 3.643738
2014.150659 -90.698825 -91.274161 3.643738
2014.169837 -89.980982 -91.273028 3.643738
2014.189015 -89.098400 -91.271042 3.643738
2014.208193 -88.163840 -91.268279 3.643738
2014.227371 -87.301181 -91.264819 3.643738
2014.246549 -86.620794 -91.260738 3.643738
2014.265727 -86.198902 -91.256116 3.643738
2014.284905 -86.065079 -91.251028 3.643738
2014.304084 -86.200115 -91.245548 3.643738
2014.323262 -86.544102 -91.239751 3.643738
2014.342440 -87.012380 -91.233708 3.643738
2014.361618 -87.515348 -91.227491 3.643738
2014.380796 -87.977495 -91.221165 3.643738
2014.399974 -88.351389 -91.214798 3.643738
2014.419152 -88.623776 -91.208454 3.643738
2014.438330 -88.812912 -91.202194 3.643738
2014.457508 -88.958376 -91.196077 3.643738
2014.476686 -89.106389 -91.190159 3.643738
2014.495864 -89.294630 -91.184493 3.643738
2014.515042 -89.540550 -91.179131 3.643738
2014.534221 -89.836191 -91.174119 3.643738
2014.553399 -90.150802 -91.169503 3.643738
2014.572577 -90.440512 -91.165324 3.643738
2014.591755 -90.662489 -91.161622 3.643738
2014.610933 -90.789792 -91.158433 3.643738
2014.630111 -90.822845 -91.155790 3.643738
2014.649289 -90.794200 -91.153723 3.643738
2014.668467 -90.764836 -91.152260 3.643738
2014.687645 -90.812301 -91.151427 3.643738
2014.706823 -91.013068 -91.151244 3.643738
2014.726001 -91.423039 -91.151731 3.643738
2014.745179 -92.060801 -91.152906 3.643738
2014.764358 -92.897842 -91.154782 3.643738
2014.783536 -93.858555 -91.157372 3.643738
2014.802714 -94.830712 -91.160684 3.643738
2014.821892 -95.684752 -91.164726 3.643738
2014.841070 -96.298159 -91.169502 3.643738
2014.860248 -96.579900 -91.175015 3.643738
2014.879426 -96.489682 -91.181266 3.643738
2014.898604 -96.047731 -91.188252 3.643738
2014.917782 -95.332714 -91.195970 3.643738
2014.936960 -94.467901 -91.204415 3.643738
2014.956138 -93.598175 -91.213578 3.643738
2014.975316 -92.862486 -91.223449 3.643738
2014.994495 -92.367377 -91.234018 3.643738
2015.013673 -92.166997 -91.245271 3.643738
2015.032851 -92.253727 -91.257193 3.643738
2015.052029 -92.561275 -91.269766 3.643738
2015.071207 -92.979499 -91.282972 3.643738
2015.090385 -93.377760 -91.296789 3.643738
2015.109563 -93.631859 -91.311195 3.643738
2015.128741 -93.648918 -91.326165 3.643738
2015.147919 -93.385124 -91.341672 3.643738
2015.167097 -92.852850 -91.357689 3.643738
2015.186275 -92.116018 -91.374184 3.643738
2015.205453 -91.275079 -91.391126 3.643738
2015.224632 -90.445175 -91.408478 3.643738
2015.243810 -89.732389 -91.426205 3.643738
2015.262988 -89.213208 -91.444267 3.643738
2015.282166 -88.921457 -91.462624 3.643738
2015.301344 -88.845146 -91.481232 3.643738
2015.320522 -88.933371 -91.500046 3.643738
2015.339700 -89.111192 -91.519017 3.643738
2015.358878 -89.298693 -91.538096 3.643738
2015.378056 -89.429652 -91.557229 3.643738
2015.397234 -89.465543 -91.576362 3.643738
2015.416412 -89.401868 -91.595437 3.643738
2015.435590 -89.265736 -91.614395 3.643738
2015.454768 -89.105757 -91.633175 3.643738
2015.473947 -88.977125 -91.651711 3.643738
2015.493125 -88.925843 -91.669937 3.643738
2015.512303 -88.976193 -91.687784 3.643738
2015.531481 -89.124604 -91.705183 3.643738
2015.550659 -89.341463 -91.722060 3.643738
2015.569837 -89.580364 -91.738340 3.643738
2015.589015 -89.792359 -91.753948 3.643738
2015.608193 -89.941492 -91.768806 3.643738
2015.627371 -90.017456 -91.782834 3.643738
2015.646549 -90.041834 -91.795952 3.643738
2015.665727 -90.065884 -91.808078 3.643738
2015.684905 -90.159874 -91.819130 3.643738
2015.704084 -90.396098 -91.829026 3.643738
2015.723262 -90.829352 -91.837683 3.643738
2015.742440 -91.479506 -91.845018 3.643738
2015.761618 -92.320541 -91.850947 3.643738
2015.780796 -93.279168 -91.855390 3.643738
2015.799974 -94.244054 -91.858265 3.643738
2015.819152 -95.084337 -91.859493 3.643738
2015.838330 -95.673925 -91.858996 3.643738
2015.857508 -95.916639 -91.856699 3.643738
2015.876686 -95.766842 -91.852527 3.643738
2015.895864 -95.241013 -91.846411 3.643738
2015.915042 -94.417465 -91.838284 3.643738
2015.934221 -93.423932 -91.828082 3.643738
2015.953399 -92.415223 -91.815745 3.643738
2015.972577 -91.545337 -91.801219 3.643738
2015.991755 -90.939605 -91.784453 3.643738
2016.010933 -90.672449 -91.765404 3.643738
2016.030111 -90.755213 -91.744031 3.643738
2016.049289 -91.136398 -91.720301 3.643738
2016.068467 -91.714032 -91.694188 3.643738
2016.087645 -92.357418 -91.665671 3.643738
2016.106823 -92.933570 -91.634735 3.643738
2016.126001 -93.332815 -91.601382 3.643738
2016.145179 -93.488297 -91.565611 3.643738
2016.164358 -93.385660 -91.527429 3.643738
2016.183536 -93.061307 -91.486857 3.643738
2016.202714 -92.590189 -91.443918 3.643738
2016.221892 -92.066282 -91.398649 3.643738
2016.241070 -91.580394 -91.351096 3.643738
2016.260248 -91.200326 -91.301309 3.643738
2016.279426 -90.957701 -91.249352 3.643738
2016.298604 -90.844077 -91.195295 3.643738
2016.317782 -90.816776 -91.139217 3.643738
2016.336960 -90.812587 -91.081206 3.643738
2016.356138 -90.765774 -91.021362 3.643738
2016.375316 -90.625904 -90.959789 3.643738
2016.394495 -90.371222 -90.896605 3.643738
2016.413673 -90.014459 -90.831931 3.643738
2016.432851 -89.599843 -90.765898 3.643738
2016.452029 -89.192230 -90.698646 3.643738
2016.471207 -88.861154 -90.630322 3.643738
2016.490385 -88.663798 -90.561079 3.643738
2016.509563 -88.631089 -90.491078 3.643738
2016.528741 -88.760358 -90.420485 3.643738
2016.547919 -89.016357 -90.349474 3.643738
2016.567097 -89.340398 -90.278221 3.643738
2016.586275 -89.665362 -90.206911 3.643738
2016.605453 -89.932880 -90.135728 3.643738
2016.624632 -90.108375 -90.064863 3.643738
2016.643810 -90.190147 -89.994510 3.643738
2016.662988 -90.210043 -89.924862 3.643738
2016.682166 -90.225269 -89.856118 3.643738
2016.701344 -90.303070 -89.788473 3.643738
2016.720522 -90.501794 -89.722126 3.643738
2016.739700 -90.852857 -89.657272 3.643738
2016.758878 -91.348107 -89.594107 3.643738
2016.778056 -91.935963 -89.532823 3.643738
2016.797234 -92.527802 -89.473612 3.643738
2016.816412 -93.013690 -89.416656 3.643738
2016.835590 -93.284431 -89.362134 3.643738
2016.854768 -93.255250 -89.310225 3.643738
2016.873947 -92.885901 -89.261100 3.643738
2016.893125 -92.192615 -89.214922 3.643738
2016.912303 -91.248889 -89.171845 3.643738
2016.931481 -90.174525 -89.132014 3.643738
2016.950659 -89.114793 -89.095570 3.643738
2016.969837 -88.213820 -89.062640 3.643738
2016.989015 -87.587581 -89.033342 3.643738
2017.008193 -87.302077 -89.007784 3.643738
2017.027371 -87.361195 -88.986062 3.643738
2017.046549 -87.706803 -88.968262 3.643738
2017.065727 -88.231018 -88.954455 3.643738
2017.084905 -88.798080 -88.944701 3.643738
2017.104084 -89.271246 -88.939048 3.643738
2017.123262 -89.539152 -88.937529 3.643738
2017.142440 -89.536257 -88.940164 3.643738
2017.161618 -89.253367 -88.946961 3.643738
2017.180796 -88.736387 -88.957911 3.643738
2017.199974 -88.073992 -88.972996 3.643738
2017.219152 -87.377266 -88.992178 3.643738
2017.238330 -86.755913 -89.015411 3.643738
2017.257508 -86.296267 -89.042631 3.643738
2017.276686 -86.045713 -89.073764 3.643738
2017.295864 -86.006525 -89.108719 3.643738
2017.315042 -86.139962 -89.147395 3.643738
2017.334221 -86.379117 -89.189677 3.643738
2017.353399 -86.647122 -89.235438 3.643738
2017.372577 -86.876233 -89.284538 3.643738
2017.391755 -87.023335 -89.336826 3.643738
2017.410933 -87.078398 -89.392143 3.643738
2017.430111 -87.064219 -89.450315 3.643738
2017.449289 -87.027944 -89.511164 3.643738
2017.468467 -87.026782 -89.574496 3.643738
2017.487645 -87.111727 -89.640111 3.643738
2017.506823 -87.313454 -89.707806 3.643738
2017.526001 -87.633938 -89.777370 3.643738
2017.545179 -88.045923 -89.848584 3.643738
2017.564358 -88.500329 -89.921223 3.643738
2017.583536 -88.939693 -89.995059 3.643738
2017.602714 -89.314202 -90.069861 3.643738
2017.621892 -89.596167 -90.145393 3.643738
2017.641070 -89.789072 -90.221424 3.643738
2017.660248 -89.928609 -90.297717 3.643738
2017.679426 -90.075048 -90.374036 3.643738
2017.698604 -90.298398 -90.450147 3.643738
2017.717782 -90.659688 -90.525817 3.643738
2017.736960 -91.192813 -90.600817 3.643738
2017.756138 -91.891436 -90.674923 3.643738
2017.775316 -92.704511 -90.747914 3.643738
2017.794495 -93.542085 -90.819575 3.643738
2017.813673 -94.290758 -90.889698 3.643738
2017.832851 -94.835897 -90.958082 3.643738
2017.852029 -95.086050 -91.024533 3.643738
2017.871207 -94.994267 -91.088865 3.643738
2017.890385 -94.571505 -91.150903 3.643738
2017.909563 -93.888860 -91.210481 3.643738
2017.928741 -93.067616 -91.267443 3.643738
2017.947919 -92.258747 -91.321647 3.643738
2017.967097 -91.615733 -91.372959 3.643738
2017.986275 -91.266086 -91.421260 3.643738
2018.005453 -91.287289 -91.466441 3.643738
2018.024632 -91.692054 -91.508406 3.643738
2018.043810 -92.425853 -91.547072 3.643738
2018.062988 -93.377164 -91.582369 3.643738
2018.082166 -94.398272 -91.614235 3.643738
2018.101344 -95.332351 -91.642638 3.643738
2018.120522 -96.041229 -91.667543 3.643738
2018.139700 -96.428427 -91.688931 3.643738
2018.158878 -96.453033 -91.706808 3.643738
2018.178056 -96.132056 -91.721182 3.643738
2018.197234 -95.531490 -91.732071 3.643738
2018.216412 -94.748607 -91.739513 3.643738
2018.235590 -93.889746 -91.743560 3.643738
2018.254768 -93.048656 -91.744271 3.643738
2018.273947 -92.290052 -91.741721 3.643738
2018.293125 -91.641598 -91.735994 3.643738
2018.312303 -91.095486 -91.727186 3.643738
2018.331481 -90.618493 -91.715400 3.643738
2018.350659 -90.167474 -91.700756 3.643738
2018.369837 -89.706083 -91.683382 3.643738
2018.389015 -89.218403 -91.663408 3.643738
2018.408193 -88.716075 -91.640974 3.643738
2018.427371 -88.237199 -91.616228 3.643738
2018.446549 -87.837375 -91.589333 3.643738
2018.465727 -87.575219 -91.560447 3.643738
2018.484905 -87.496132 -91.529739 3.643738
2018.504084 -87.618482 -91.497380 3.643738
2018.523262 -87.925871 -91.463547 3.643738
2018.542440 -88.367688 -91.428419 3.643738
2018.561618 -88.868138 -91.392176 3.643738
2018.580796 -89.341875 -91.354996 3.643738
2018.599974 -89.712700 -91.317061 3.643738
2018.619152 -89.930928 -91.278567 3.643738
2018.638330 -89.985192 -91.239689 3.643738
2018.657508 -89.905774 -91.200609 3.643738
2018.676686 -89.758288 -91.161504 3.643738
2018.695864 -89.628912 -91.122550 3.643738
2018.715042 -89.604324 -91.083923 3.643738
2018.734221 -89.750808 -91.045792 3.643738
2018.753399 -90.097341 -91.008322 3.643738
2018.772577 -90.626662 -90.971674 3.643738
2018.791755 -91.276599 -90.936000 3.643738
2018.810933 -91.951678 -90.901447 3.643738
2018.830111 -92.542652 -90.868157 3.643738
2018.849289 -92.949810 -90.836265 3.643738
2018.868467 -93.104918 -90.805896 3.643738
2018.887645 -92.986894 -90.777169 3.643738
2018.906823 -92.627601 -90.750197 3.643738
2018.926001 -92.106256 -90.725080 3.643738
2018.945179 -91.533490 -90.701914 3.643738
2018.964358 -91.028350 -90.680783 3.643738
2018.983536 -90.693145 -90.661765 3.643738
2019.002714 -90.591584 -90.644925 3.643738
2019.021892 -90.734964 -90.630329 3.643738
2019.041070 -91.079425 -90.618018 3.643738
2019.060248 -91.535009 -90.608035 3.643738
2019.079426 -91.984555 -90.600415 3.643738
2019.098604 -92.308457 -90.595180 3.643738
2019.117782 -92.410004 -90.592342 3.643738
2019.136960 -92.235918 -90.591910 3.643738
2019.156138 -91.787766 -90.593881 3.643738
2019.175316 -91.121930 -90.598245 3.643738
2019.194495 -90.338282 -90.604987 3.643738
2019.213673 -89.560128 -90.614078 3.643738
2019.232851 -88.909813 -90.625487 3.643738
2019.252029 -88.485195 -90.639175 3.643738
2019.271207 -88.341891 -90.655095 3.643738
2019.290385 -88.484818 -90.673192 3.643738
2019.309563 -88.870442 -90.693416 3.643738
2019.328741 -89.418716 -90.715702 3.643738
2019.347919 -90.031692 -90.739972 3.643738
2019.367097 -90.614443 -90.766169 3.643738
2019.386275 -91.093444 -90.794213 3.643738
2019.405453 -91.428632 -90.824023 3.643738
2019.424632 -91.616744 -90.855518 3.643738
2019.443810 -91.685764 -90.888611 3.643738
2019.462988 -91.682417 -90.923216 3.643738
2019.482166 -91.656197 -90.959240 3.643738
2019.501344 -91.644160 -90.996598 3.643738
2019.520522 -91.660354 -91.035198 3.643738
2019.539700 -91.692555 -91.074953 3.643738
2019.558878 -91.707050 -91.115768 3.643738
2019.578056 -91.660164 -91.157551 3.643738
2019.597234 -91.513471 -91.200212 3.643738
2019.616412 -91.248651 -91.243664 3.643738
2019.635590 -90.877945 -91.287818 3.643738
2019.654768 -90.447148 -91.332590 3.643738
2019.673947 -90.029870 -91.377896 3.643738
2019.693125 -89.713891 -91.423655 3.643738
2019.712303 -89.582472 -91.469789 3.643738
2019.731481 -89.694811 -91.516223 3.643738
2019.750659 -90.070286 -91.562884 3.643738
2019.769837 -90.680424 -91.609704 3.643738
2019.789015 -91.450934 -91.656619 3.643738
2019.808193 -92.273931 -91.703568 3.643738
2019.827371 -93.028131 -91.750492 3.643738
2019.846549 -93.602932 -91.797340 3.643738
2019.865727 -93.921247 -91.844063 3.643738
2019.884905 -93.956078 -91.890615 3.643738
2019.904084 -93.737037 -91.936955 3.643738
2019.923262 -93.345105 -91.983044 3.643738
2019.942440 -92.896461 -92.028853 3.643738
2019.961618 -92.518569 -92.074353 3.643738
2019.980796 -92.323471 -92.119520 3.643738
2019.999974 -92.383886 -92.164334 3.643738
2020.019152 -92.717187 -92.208784 3.643738
2020.038330 -93.280675 -92.252852 3.643738
2020.057508 -93.979267 -92.296529 3.643738
2020.076686 -94.683955 -92.339814 3.643738
2020.095864 -95.257246 -92.382705 3.643738
2020.115042 -95.580280 -92.425212 3.643738
2020.134221 -95.575973 -92.467321 3.643738
2020.153399 -95.223621 -92.509060 3.643738
2020.172577 -94.561905 -92.550433 3.643738
2020.191755 -93.680178 -92.591457 3.643738
2020.210933 -92.700033 -92.632150 3.643738
2020.230111 -91.751303 -92.672521 3.643738
2020.249289 -90.947708 -92.712594 3.643738
2020.268467 -90.367156 -92.752397 3.643738
2020.287645 -90.040579 -92.791951 3.643738
2020.306823 -89.951210 -92.831275 3.643738
2020.326001 -90.043788 -92.870404 3.643738
2020.345179 -90.241008 -92.909357 3.643738
2020.364358 -90.463167 -92.948166 3.643738
2020.383536 -90.646297 -92.986850 3.643738
2020.402714 -90.754813 -93.025441 3.643738
2020.421892 -90.786031 -93.063968 3.643738
2020.441070 -90.766111 -93.102456 3.643738
2020.460248 -90.738939 -93.140931 3.643738
2020.479426 -90.751203 -93.179416 3.643738
2020.498604 -90.837696 -93.217933 3.643738
2020.517782 -91.010750 -93.256500 3.643738
2020.536960 -91.256542 -93.295141 3.643738
2020.556138 -91.539237 -93.333880 3.643738
2020.575316 -91.811874 -93.372730 3.643738
2020.594495 -92.031182 -93.411706 3.643738
2020.613673 -92.172372 -93.450820 3.643738
2020.632851 -92.239856 -93.490083 3.643738
2020.652029 -92.270747 -93.529502 3.643738
2020.671207 -92.329680 -93.569084 3.643738
2020.690385 -92.495596 -93.608827 3.643738
2020.709563 -92.843194 -93.648735 3.643738
2020.728741 -93.423161 -93.688805 3.643738
2020.747919 -94.245883 -93.729031 3.643738
2020.767097 -95.272737 -93.769404 3.643738
2020.786275 -96.417545 -93.809915 3.643738
2020.805453 -97.558570 -93.850552 3.643738
2020.824632 -98.559047 -93.891287 3.643738
2020.843810 -99.292315 -93.932107 3.643738
2020.862988 -99.666301 -93.972995 3.643738
2020.882166 -99.642178 -94.013926 3.643738
2020.901344 -99.243063 -94.054855 3.643738
2020.920522 -98.550731 -94.095774 3.643738
2020.939700 -97.690534 -94.136631 3.643738
2020.958878 -96.807772 -94.177412 3.643738
2020.978056 -96.039934 -94.218057 3.643738
2020.997234 -95.490848 -94.258546 3.643738
2021.016412 -95.211695 -94.298835 3.643738
2021.035590 -95.193032 -94.338878 3.643738
2021.054768 -95.369215 -94.378632 3.643738
2021.073947 -95.634168 -94.418051 3.643738
2021.093125 -95.865064 -94.457090 3.643738
2021.112303 -95.948809 -94.495704 3.643738
2021.131481 -95.805746 -94.533841 3.643738
2021.150659 -95.405716 -94.571470 3.643738
2021.169837 -94.773207 -94.608521 3.643738
2021.189015 -93.981029 -94.644958 3.643738
2021.208193 -93.134004 -94.680741 3.643738
2021.227371 -92.346602 -94.715810 3.643738
2021.246549 -91.719575 -94.750130 3.643738
2021.265727 -91.320478 -94.783660 3.643738
2021.284905 -91.172217 -94.816346 3.643738
2021.302704 -91.246243 -94.845942 3.643738
