# x_interp smoothed_curve trend rsd2
2005.274081 -65.898305 -68.409400 1.632795
2005.293259 -66.081551 -68.415885 1.632795
2005.312437 -66.491909 -68.421386 1.632795
2005.331615 -67.140690 -68.425947 1.632795
2005.350793 -67.992562 -68.429616 1.632795
2005.369971 -68.968775 -68.432443 1.632795
2005.389150 -69.960250 -68.434481 1.632795
2005.408328 -70.847933 -68.435788 1.632795
2005.427506 -71.526117 -68.436423 1.632795
2005.446684 -71.923644 -68.436448 1.632795
2005.465862 -72.018286 -68.435927 1.632795
2005.485040 -71.841021 -68.434928 1.632795
2005.504218 -71.469127 -68.433519 1.632795
2005.523396 -71.009476 -68.431774 1.632795
2005.542574 -70.575566 -68.429764 1.632795
2005.561752 -70.263281 -68.427566 1.632795
2005.580930 -70.130634 -68.425254 1.632795
2005.600108 -70.185941 -68.422909 1.632795
2005.619287 -70.386988 -68.420608 1.632795
2005.638465 -70.651380 -68.418432 1.632795
2005.657643 -70.875773 -68.416460 1.632795
2005.676821 -70.959740 -68.414774 1.632795
2005.695999 -70.829024 -68.413454 1.632795
2005.715177 -70.453064 -68.412581 1.632795
2005.734355 -69.852964 -68.412235 1.632795
2005.753533 -69.098198 -68.412495 1.632795
2005.772711 -68.292818 -68.413439 1.632795
2005.791889 -67.554234 -68.415143 1.632795
2005.811067 -66.989238 -68.417684 1.632795
2005.830245 -66.672471 -68.421132 1.632795
2005.849424 -66.631968 -68.425561 1.632795
2005.868602 -66.844744 -68.431038 1.632795
2005.887780 -67.243158 -68.437630 1.632795
2005.906958 -67.730406 -68.445400 1.632795
2005.926136 -68.201495 -68.454406 1.632795
2005.945314 -68.564956 -68.464702 1.632795
2005.964492 -68.760508 -68.476350 1.632795
2005.983670 -68.768886 -68.489385 1.632795
2006.002848 -68.612063 -68.503861 1.632795
2006.022026 -68.344119 -68.519813 1.632795
2006.041204 -68.035405 -68.537277 1.632795
2006.060382 -67.753929 -68.556283 1.632795
2006.079561 -67.548541 -68.576858 1.632795
2006.098739 -67.437947 -68.599021 1.632795
2006.117917 -67.408056 -68.622787 1.632795
2006.137095 -67.418160 -68.648166 1.632795
2006.156273 -67.414248 -68.675167 1.632795
2006.175451 -67.346004 -68.703784 1.632795
2006.194629 -67.183181 -68.734007 1.632795
2006.213807 -66.927105 -68.765830 1.632795
2006.232985 -66.614187 -68.799234 1.632795
2006.252163 -66.310315 -68.834195 1.632795
2006.271341 -66.097122 -68.870684 1.632795
2006.290519 -66.053160 -68.908667 1.632795
2006.309697 -66.234324 -68.948102 1.632795
2006.328876 -66.658237 -68.988946 1.632795
2006.348054 -67.296455 -69.031148 1.632795
2006.367232 -68.076733 -69.074653 1.632795
2006.386410 -68.895279 -69.119401 1.632795
2006.405588 -69.636658 -69.165325 1.632795
2006.424766 -70.197174 -69.212355 1.632795
2006.443944 -70.506676 -69.260418 1.632795
2006.463122 -70.543916 -69.309434 1.632795
2006.482300 -70.341957 -69.359320 1.632795
2006.501478 -69.982212 -69.409992 1.632795
2006.520656 -69.578195 -69.461358 1.632795
2006.539834 -69.252323 -69.513326 1.632795
2006.559013 -69.110667 -69.565801 1.632795
2006.578191 -69.221027 -69.618683 1.632795
2006.597369 -69.599020 -69.671872 1.632795
2006.616547 -70.205141 -69.725265 1.632795
2006.635725 -70.953374 -69.778761 1.632795
2006.654903 -71.729420 -69.832249 1.632795
2006.674081 -72.414574 -69.885627 1.632795
2006.693259 -72.910000 -69.938787 1.632795
2006.712437 -73.156241 -69.991619 1.632795
2006.731615 -73.143797 -70.044020 1.632795
2006.750793 -72.912666 -70.095880 1.632795
2006.769971 -72.541214 -70.147093 1.632795
2006.789150 -72.127031 -70.197556 1.632795
2006.808328 -71.764214 -70.247165 1.632795
2006.827506 -71.522194 -70.295818 1.632795
2006.846684 -71.430812 -70.343416 1.632795
2006.865862 -71.474856 -70.389861 1.632795
2006.885040 -71.599087 -70.435060 1.632795
2006.904218 -71.722422 -70.478920 1.632795
2006.923396 -71.757858 -70.521354 1.632795
2006.942574 -71.633527 -70.562278 1.632795
2006.961752 -71.310049 -70.601611 1.632795
2006.980930 -70.790303 -70.639276 1.632795
2007.000108 -70.119517 -70.675202 1.632795
2007.019287 -69.375819 -70.709320 1.632795
2007.038465 -68.653598 -70.741567 1.632795
2007.057643 -68.043600 -70.771886 1.632795
2007.076821 -67.614406 -70.800223 1.632795
2007.095999 -67.399514 -70.826530 1.632795
2007.115177 -67.392873 -70.850764 1.632795
2007.134355 -67.553699 -70.872888 1.632795
2007.153533 -67.819191 -70.892870 1.632795
2007.172711 -68.121915 -70.910683 1.632795
2007.191889 -68.407519 -70.926308 1.632795
2007.211067 -68.648423 -70.939727 1.632795
2007.230245 -68.850082 -70.950932 1.632795
2007.249424 -69.048235 -70.959917 1.632795
2007.268602 -69.297748 -70.966683 1.632795
2007.287780 -69.655714 -70.971237 1.632795
2007.306958 -70.162927 -70.973591 1.632795
2007.326136 -70.828368 -70.973761 1.632795
2007.345314 -71.620704 -70.971769 1.632795
2007.364492 -72.469273 -70.967642 1.632795
2007.383670 -73.274851 -70.961412 1.632795
2007.402848 -73.928173 -70.953114 1.632795
2007.422026 -74.332327 -70.942786 1.632795
2007.441204 -74.424100 -70.930475 1.632795
2007.460382 -74.189394 -70.916235 1.632795
2007.479561 -73.669034 -70.900115 1.632795
2007.498739 -72.953355 -70.882170 1.632795
2007.517917 -72.166326 -70.862460 1.632795
2007.537095 -71.442352 -70.841047 1.632795
2007.556273 -70.900512 -70.817997 1.632795
2007.575451 -70.621641 -70.793377 1.632795
2007.594629 -70.633103 -70.767257 1.632795
2007.613807 -70.904475 -70.739710 1.632795
2007.632985 -71.355043 -70.710810 1.632795
2007.652163 -71.871456 -70.680631 1.632795
2007.671341 -72.331728 -70.649250 1.632795
2007.690519 -72.630432 -70.616744 1.632795
2007.709697 -72.699723 -70.583192 1.632795
2007.728876 -72.521793 -70.548672 1.632795
2007.748054 -72.130287 -70.513263 1.632795
2007.767232 -71.600648 -70.477041 1.632795
2007.786410 -71.031755 -70.440086 1.632795
2007.805588 -70.523123 -70.402473 1.632795
2007.824766 -70.152761 -70.364280 1.632795
2007.843944 -69.960597 -70.325582 1.632795
2007.863122 -69.940965 -70.286452 1.632795
2007.882300 -70.045615 -70.246963 1.632795
2007.901478 -70.196262 -70.207186 1.632795
2007.920656 -70.303595 -70.167189 1.632795
2007.939834 -70.288279 -70.127038 1.632795
2007.959013 -70.099100 -70.086798 1.632795
2007.978191 -69.724207 -70.046530 1.632795
2007.997369 -69.193041 -70.006295 1.632795
2008.016547 -68.568758 -69.966149 1.632795
2008.035725 -67.933143 -69.926143 1.632795
2008.054903 -67.367760 -69.886333 1.632795
2008.074081 -66.935805 -69.846766 1.632795
2008.093259 -66.669019 -69.807485 1.632795
2008.112437 -66.562640 -69.768538 1.632795
2008.131615 -66.579454 -69.729955 1.632795
2008.150793 -66.661873 -69.691778 1.632795
2008.169971 -66.748904 -69.654040 1.632795
2008.189150 -66.793833 -69.616769 1.632795
2008.208328 -66.778167 -69.579993 1.632795
2008.227506 -66.718269 -69.543736 1.632795
2008.246684 -66.662879 -69.508018 1.632795
2008.265862 -66.681864 -69.472856 1.632795
2008.285040 -66.848696 -69.438267 1.632795
2008.304218 -67.220714 -69.404261 1.632795
2008.323396 -67.821886 -69.370849 1.632795
2008.342574 -68.632325 -69.338037 1.632795
2008.361752 -69.587365 -69.305828 1.632795
2008.380930 -70.586857 -69.274226 1.632795
2008.400108 -71.513003 -69.243230 1.632795
2008.419287 -72.253037 -69.212837 1.632795
2008.438465 -72.721894 -69.183039 1.632795
2008.457643 -72.879819 -69.153831 1.632795
2008.476821 -72.740929 -69.125198 1.632795
2008.495999 -72.370683 -69.097131 1.632795
2008.515177 -71.872567 -69.069626 1.632795
2008.534355 -71.366712 -69.042663 1.632795
2008.553533 -70.965008 -69.016227 1.632795
2008.572711 -70.747995 -68.990299 1.632795
2008.591889 -70.748523 -68.964858 1.632795
2008.611067 -70.945675 -68.939887 1.632795
2008.630245 -71.270260 -68.915367 1.632795
2008.649424 -71.620583 -68.891275 1.632795
2008.668602 -71.885083 -68.867590 1.632795
2008.687780 -71.966815 -68.844286 1.632795
2008.706958 -71.804498 -68.821341 1.632795
2008.726136 -71.385571 -68.798731 1.632795
2008.745314 -70.748546 -68.776431 1.632795
2008.764492 -69.974289 -68.754416 1.632795
2008.783670 -69.168327 -68.732664 1.632795
2008.802848 -68.438184 -68.711143 1.632795
2008.822026 -67.870853 -68.689829 1.632795
2008.841204 -67.515298 -68.668698 1.632795
2008.860382 -67.373756 -68.647722 1.632795
2008.879561 -67.403552 -68.626875 1.632795
2008.898739 -67.528751 -68.606131 1.632795
2008.917917 -67.658783 -68.585464 1.632795
2008.937095 -67.709687 -68.564847 1.632795
2008.956273 -67.623099 -68.544252 1.632795
2008.975451 -67.378738 -68.523656 1.632795
2008.994629 -66.997716 -68.503031 1.632795
2009.013807 -66.536166 -68.482350 1.632795
2009.032985 -66.070927 -68.461587 1.632795
2009.052163 -65.680823 -68.440716 1.632795
2009.071341 -65.428053 -68.419710 1.632795
2009.090519 -65.344102 -68.398543 1.632795
2009.109697 -65.423440 -68.377187 1.632795
2009.128876 -65.626415 -68.355617 1.632795
2009.148054 -65.890510 -68.333805 1.632795
2009.167232 -66.147145 -68.311725 1.632795
2009.186410 -66.339881 -68.289349 1.632795
2009.205588 -66.439526 -68.266650 1.632795
2009.224766 -66.452376 -68.243601 1.632795
2009.243944 -66.419438 -68.220174 1.632795
2009.263122 -66.406646 -68.196342 1.632795
2009.282300 -66.488240 -68.172075 1.632795
2009.301478 -66.727178 -68.147346 1.632795
2009.320656 -67.157234 -68.122127 1.632795
2009.342481 -67.876487 -68.091549 1.632795
