# x_interp smoothed_curve trend rsd2
2006.938552 -75.334202 -74.572012 3.721757
2006.957730 -75.050566 -74.649689 3.721757
2006.976908 -74.596223 -74.728336 3.721757
2006.996086 -74.025013 -74.807914 3.721757
2007.015264 -73.414070 -74.888372 3.721757
2007.034442 -72.848773 -74.969654 3.721757
2007.053620 -72.406312 -75.051701 3.721757
2007.072799 -72.141463 -75.134451 3.721757
2007.091977 -72.077565 -75.217828 3.721757
2007.111155 -72.204563 -75.301772 3.721757
2007.130333 -72.484166 -75.386202 3.721757
2007.149511 -72.860823 -75.471047 3.721757
2007.168689 -73.275680 -75.556228 3.721757
2007.187867 -73.680242 -75.641667 3.721757
2007.207045 -74.046527 -75.727293 3.721757
2007.226223 -74.371378 -75.813011 3.721757
2007.245401 -74.674173 -75.898748 3.721757
2007.264579 -74.988507 -75.984426 3.721757
2007.283757 -75.350120 -76.069962 3.721757
2007.302936 -75.784120 -76.155287 3.721757
2007.322114 -76.294701 -76.240321 3.721757
2007.341292 -76.860119 -76.324991 3.721757
2007.360470 -77.434272 -76.409225 3.721757
2007.379648 -77.954820 -76.492957 3.721757
2007.398826 -78.356076 -76.576122 3.721757
2007.418004 -78.583832 -76.658659 3.721757
2007.437182 -78.608653 -76.740510 3.721757
2007.456360 -78.434513 -76.821626 3.721757
2007.475538 -78.100558 -76.901949 3.721757
2007.494716 -77.675405 -76.981438 3.721757
2007.513894 -77.244928 -77.060054 3.721757
2007.533073 -76.896098 -77.137759 3.721757
2007.552251 -76.700272 -77.214523 3.721757
2007.571429 -76.699558 -77.290320 3.721757
2007.590607 -76.899204 -77.365130 3.721757
2007.609785 -77.267648 -77.438931 3.721757
2007.628963 -77.744238 -77.511714 3.721757
2007.648141 -78.252845 -77.583471 3.721757
2007.667319 -78.718390 -77.654200 3.721757
2007.686497 -79.082614 -77.723902 3.721757
2007.705675 -79.315634 -77.792584 3.721757
2007.724853 -79.420770 -77.860255 3.721757
2007.744031 -79.431700 -77.926928 3.721757
2007.763210 -79.402663 -77.992621 3.721757
2007.782388 -79.394056 -78.057355 3.721757
2007.801566 -79.456748 -78.121145 3.721757
2007.820744 -79.618796 -78.184024 3.721757
2007.839922 -79.877544 -78.246019 3.721757
2007.859100 -80.199010 -78.307172 3.721757
2007.878278 -80.524661 -78.367495 3.721757
2007.897456 -80.784183 -78.427029 3.721757
2007.916634 -80.911206 -78.485809 3.721757
2007.935812 -80.858555 -78.543873 3.721757
2007.954990 -80.609502 -78.601245 3.721757
2007.974168 -80.182533 -78.657964 3.721757
2007.993347 -79.628454 -78.714063 3.721757
2008.012525 -79.020519 -78.769573 3.721757
2008.031703 -78.439749 -78.824525 3.721757
2008.050881 -77.958707 -78.878952 3.721757
2008.070059 -77.627270 -78.932868 3.721757
2008.089237 -77.463611 -78.986302 3.721757
2008.108415 -77.452189 -79.039273 3.721757
2008.127593 -77.549165 -79.091801 3.721757
2008.146771 -77.693857 -79.143894 3.721757
2008.165949 -77.823584 -79.195563 3.721757
2008.185127 -77.888439 -79.246812 3.721757
2008.204305 -77.862663 -79.297638 3.721757
2008.223484 -77.750082 -79.348043 3.721757
2008.242662 -77.582435 -79.398014 3.721757
2008.261840 -77.411125 -79.447538 3.721757
2008.281018 -77.294402 -79.496601 3.721757
2008.300196 -77.282988 -79.545168 3.721757
2008.319374 -77.407632 -79.593214 3.721757
2008.338552 -77.671381 -79.640706 3.721757
2008.357730 -78.048468 -79.687604 3.721757
2008.376908 -78.490002 -79.733862 3.721757
2008.396086 -78.935124 -79.779437 3.721757
2008.415264 -79.324956 -79.824262 3.721757
2008.434442 -79.616107 -79.868286 3.721757
2008.453620 -79.790428 -79.911453 3.721757
2008.472799 -79.858722 -79.953683 3.721757
2008.491977 -79.857511 -79.994910 3.721757
2008.511155 -79.839459 -80.035061 3.721757
2008.530333 -79.859729 -80.074056 3.721757
2008.549511 -79.961424 -80.111822 3.721757
2008.568689 -80.163545 -80.148263 3.721757
2008.587867 -80.454491 -80.183301 3.721757
2008.607045 -80.792658 -80.216849 3.721757
2008.626223 -81.114339 -80.248825 3.721757
2008.645401 -81.347242 -80.279128 3.721757
2008.664579 -81.426804 -80.307677 3.721757
2008.683757 -81.311560 -80.334385 3.721757
2008.702936 -80.994163 -80.359163 3.721757
2008.722114 -80.505457 -80.381932 3.721757
2008.741292 -79.910480 -80.402599 3.721757
2008.760470 -79.297168 -80.421086 3.721757
2008.779648 -78.759966 -80.437317 3.721757
2008.798826 -78.381858 -80.451222 3.721757
2008.818004 -78.218552 -80.462719 3.721757
2008.837182 -78.288286 -80.471746 3.721757
2008.856360 -78.569243 -80.478243 3.721757
2008.875538 -79.005174 -80.482159 3.721757
2008.894716 -79.517851 -80.483434 3.721757
2008.913894 -80.023696 -80.482030 3.721757
2008.933073 -80.450835 -80.477911 3.721757
2008.952251 -80.753028 -80.471053 3.721757
2008.971429 -80.917483 -80.461421 3.721757
2008.990607 -80.965170 -80.449007 3.721757
2009.009785 -80.943671 -80.433805 3.721757
2009.028963 -80.914510 -80.415816 3.721757
2009.048141 -80.937942 -80.395062 3.721757
2009.067319 -81.058659 -80.371541 3.721757
2009.086497 -81.295761 -80.345290 3.721757
2009.105675 -81.638951 -80.316347 3.721757
2009.124853 -82.051764 -80.284759 3.721757
2009.144031 -82.480787 -80.250575 3.721757
2009.163210 -82.868534 -80.213863 3.721757
2009.182388 -83.166785 -80.174693 3.721757
2009.201566 -83.347190 -80.133152 3.721757
2009.220744 -83.406569 -80.089319 3.721757
2009.239922 -83.365764 -80.043296 3.721757
2009.259100 -83.262279 -79.995189 3.721757
2009.278278 -83.138639 -79.945110 3.721757
2009.297456 -83.029349 -79.893180 3.721757
2009.316634 -82.949724 -79.839532 3.721757
2009.335812 -82.889469 -79.784290 3.721757
2009.354990 -82.812840 -79.727598 3.721757
2009.374168 -82.665556 -79.669598 3.721757
2009.393347 -82.387175 -79.610450 3.721757
2009.412525 -81.926165 -79.550304 3.721757
2009.431703 -81.254314 -79.489318 3.721757
2009.450881 -80.377032 -79.427648 3.721757
2009.470059 -79.337079 -79.365473 3.721757
2009.489237 -78.210446 -79.302955 3.721757
2009.508415 -77.095135 -79.240263 3.721757
2009.527593 -76.094904 -79.177565 3.721757
2009.546771 -75.301342 -79.115032 3.721757
2009.565949 -74.777983 -79.052835 3.721757
2009.585127 -74.549806 -78.991140 3.721757
2009.604305 -74.600281 -78.930120 3.721757
2009.623484 -74.876474 -78.869926 3.721757
2009.642662 -75.301113 -78.810726 3.721757
2009.661840 -75.788775 -78.752675 3.721757
2009.681018 -76.262773 -78.695925 3.721757
2009.700196 -76.669040 -78.640629 3.721757
2009.719374 -76.984081 -78.586923 3.721757
2009.738552 -77.215529 -78.534941 3.721757
2009.757730 -77.395380 -78.484813 3.721757
2009.776908 -77.567776 -78.436658 3.721757
2009.796086 -77.774339 -78.390588 3.721757
2009.815264 -78.040615 -78.346708 3.721757
2009.834442 -78.366882 -78.305114 3.721757
2009.853620 -78.725532 -78.265892 3.721757
2009.872799 -79.065694 -78.229120 3.721757
2009.891977 -79.324084 -78.194863 3.721757
2009.911155 -79.439586 -78.163178 3.721757
2009.930333 -79.368195 -78.134111 3.721757
2009.949511 -79.094852 -78.107700 3.721757
2009.968689 -78.639325 -78.083969 3.721757
2009.987867 -78.054710 -78.062937 3.721757
2010.007045 -77.418690 -78.044603 3.721757
2010.026223 -76.819402 -78.028961 3.721757
2010.045401 -76.338929 -78.015995 3.721757
2010.064579 -76.037986 -78.005676 3.721757
2010.083757 -75.945120 -77.997966 3.721757
2010.102936 -76.052697 -77.992817 3.721757
2010.122114 -76.320460 -77.990171 3.721757
2010.141292 -76.685733 -77.989960 3.721757
2010.160470 -77.077886 -77.992105 3.721757
2010.179648 -77.433767 -77.996522 3.721757
2010.198826 -77.710618 -78.003117 3.721757
2010.218004 -77.893659 -78.011799 3.721757
2010.237182 -77.996705 -78.022436 3.721757
2010.256360 -78.056017 -78.034921 3.721757
2010.275538 -78.118813 -78.049132 3.721757
2010.294716 -78.229434 -78.064940 3.721757
2010.313894 -78.416464 -78.082209 3.721757
2010.333073 -78.683958 -78.100801 3.721757
2010.352251 -79.008893 -78.120573 3.721757
2010.371429 -79.345538 -78.141380 3.721757
2010.390607 -79.635745 -78.163077 3.721757
2010.409785 -79.822776 -78.185503 3.721757
2010.428963 -79.865461 -78.208511 3.721757
2010.448141 -79.749245 -78.231947 3.721757
2010.467319 -79.491475 -78.255661 3.721757
2010.486497 -79.139526 -78.279499 3.721757
2010.505675 -78.761996 -78.303311 3.721757
2010.524853 -78.434815 -78.326949 3.721757
2010.544031 -78.225320 -78.350265 3.721757
2010.563210 -78.177831 -78.373120 3.721757
2010.582388 -78.303988 -78.395374 3.721757
2010.601566 -78.580081 -78.416895 3.721757
2010.620744 -78.952045 -78.437564 3.721757
2010.639922 -79.347010 -78.457236 3.721757
2010.659100 -79.689048 -78.475807 3.721757
2010.678278 -79.915417 -78.493166 3.721757
2010.694298 -79.994172 -78.511210 3.721757
