# x_interp smoothed_curve trend rsd2
1988.560110 -81.333283 -80.836311 0.915967
1988.579288 -81.524004 -80.823921 0.915967
1988.598466 -81.757410 -80.811706 0.915967
1988.617644 -82.009093 -80.799665 0.915967
1988.636822 -82.250782 -80.787798 0.915967
1988.656000 -82.455984 -80.776103 0.915967
1988.675178 -82.604991 -80.764580 0.915967
1988.694357 -82.688187 -80.753228 0.915967
1988.713535 -82.707002 -80.742046 0.915967
1988.732713 -82.672373 -80.731032 0.915967
1988.751891 -82.601179 -80.720185 0.915967
1988.771069 -82.511505 -80.709502 0.915967
1988.790247 -82.417909 -80.698981 0.915967
1988.809425 -82.327769 -80.688621 0.915967
1988.828603 -82.239578 -80.678420 0.915967
1988.847781 -82.143549 -80.668374 0.915967
1988.866959 -82.024366 -80.658481 0.915967
1988.886137 -81.865410 -80.648739 0.915967
1988.905315 -81.653440 -80.639144 0.915967
1988.924494 -81.382625 -80.629695 0.915967
1988.943672 -81.056956 -80.620387 0.915967
1988.962850 -80.690452 -80.611218 0.915967
1988.982028 -80.305093 -80.602185 0.915967
1989.001206 -79.926946 -80.593285 0.915967
1989.020384 -79.581338 -80.584514 0.915967
1989.039562 -79.288203 -80.575869 0.915967
1989.058740 -79.058638 -80.567347 0.915967
1989.077918 -78.893459 -80.558944 0.915967
1989.097096 -78.784064 -80.550658 0.915967
1989.116274 -78.715381 -80.542485 0.915967
1989.135452 -78.670191 -80.534421 0.915967
1989.154631 -78.633801 -80.526463 0.915967
1989.173809 -78.597936 -80.518607 0.915967
1989.192987 -78.562941 -80.510851 0.915967
1989.212165 -78.537727 -80.503191 0.915967
1989.231343 -78.537462 -80.495624 0.915967
1989.250521 -78.579528 -80.488146 0.915967
1989.269699 -78.678680 -80.480753 0.915967
1989.288877 -78.842554 -80.473443 0.915967
1989.308055 -79.068622 -80.466212 0.915967
1989.327233 -79.343354 -80.459057 0.915967
1989.346411 -79.643901 -80.451975 0.915967
1989.365589 -79.941979 -80.444962 0.915967
1989.384768 -80.209193 -80.438014 0.915967
1989.403946 -80.422627 -80.431130 0.915967
1989.423124 -80.569509 -80.424304 0.915967
1989.442302 -80.649875 -80.417535 0.915967
1989.461480 -80.676634 -80.410818 0.915967
1989.480658 -80.672966 -80.404150 0.915967
1989.499836 -80.667570 -80.397528 0.915967
1989.519014 -80.688770 -80.390948 0.915967
1989.538192 -80.758699 -80.384408 0.915967
1989.557370 -80.888812 -80.377903 0.915967
1989.576548 -81.077634 -80.371430 0.915967
1989.595726 -81.311221 -80.364986 0.915967
1989.614905 -81.566152 -80.358567 0.915967
1989.634083 -81.814385 -80.352170 0.915967
1989.653261 -82.028888 -80.345790 0.915967
1989.672439 -82.188799 -80.339425 0.915967
1989.691617 -82.283029 -80.333070 0.915967
1989.710795 -82.311563 -80.326722 0.915967
1989.729973 -82.284262 -80.320377 0.915967
1989.749151 -82.217532 -80.314031 0.915967
1989.768329 -82.129687 -80.307680 0.915967
1989.787507 -82.036136 -80.301322 0.915967
1989.806685 -81.945511 -80.294950 0.915967
1989.825863 -81.857652 -80.288563 0.915967
1989.845042 -81.763872 -80.282155 0.915967
1989.864220 -81.649437 -80.275724 0.915967
1989.883398 -81.497632 -80.269265 0.915967
1989.902576 -81.294459 -80.262774 0.915967
1989.921754 -81.032819 -80.256248 0.915967
1989.940932 -80.715210 -80.249683 0.915967
1989.960110 -80.354268 -80.243076 0.915967
1989.979288 -79.971015 -80.236422 0.915967
1989.998466 -79.591192 -80.229719 0.915967
1990.017644 -79.240512 -80.222963 0.915967
1990.036822 -78.939911 -80.216151 0.915967
1990.056000 -78.701880 -80.209280 0.915967
1990.075178 -78.528699 -80.202348 0.915967
1990.094357 -78.412974 -80.195351 0.915967
1990.113535 -78.340318 -80.188288 0.915967
1990.132713 -78.293536 -80.181156 0.915967
1990.151891 -78.257314 -80.173955 0.915967
1990.171069 -78.222288 -80.166681 0.915967
1990.190247 -78.187528 -80.159335 0.915967
1990.209425 -78.160819 -80.151915 0.915967
1990.228603 -78.156658 -80.144420 0.915967
1990.247781 -78.192404 -80.136852 0.915967
1990.266959 -78.283482 -80.129210 0.915967
1990.286137 -78.438779 -80.121495 0.915967
1990.305315 -78.657321 -80.113709 0.915967
1990.324494 -78.927106 -80.105853 0.915967
1990.343672 -79.226418 -80.097929 0.915967
1990.362850 -79.527445 -80.089939 0.915967
1990.382028 -79.801453 -80.081889 0.915967
1990.401206 -80.024423 -80.073780 0.915967
1990.420384 -80.181913 -80.065617 0.915967
1990.439562 -80.272061 -80.057405 0.915967
1990.458740 -80.306037 -80.049149 0.915967
1990.477918 -80.305803 -80.040856 0.915967
1990.497096 -80.299621 -80.032531 0.915967
1990.516274 -80.316238 -80.024181 0.915967
1990.535452 -80.378992 -80.015814 0.915967
1990.554631 -80.501060 -80.007437 0.915967
1990.573809 -80.682854 -79.999059 0.915967
1990.592987 -80.912081 -79.990689 0.915967
1990.612165 -81.166408 -79.982335 0.915967
1990.631343 -81.418115 -79.974009 0.915967
1990.650521 -81.639685 -79.965719 0.915967
1990.669699 -81.809108 -79.957476 0.915967
1990.688877 -81.913759 -79.949290 0.915967
1990.708055 -81.952057 -79.941173 0.915967
1990.727233 -81.932615 -79.933136 0.915967
1990.746411 -81.871168 -79.925191 0.915967
1990.765589 -81.786060 -79.917348 0.915967
1990.784768 -81.693384 -79.909619 0.915967
1990.803946 -81.602917 -79.902017 0.915967
1990.823124 -81.515792 -79.894552 0.915967
1990.842302 -81.424437 -79.887236 0.915967
1990.861480 -81.314758 -79.880080 0.915967
1990.880658 -81.170041 -79.873096 0.915967
1990.899836 -80.975618 -79.866294 0.915967
1990.919014 -80.723196 -79.859684 0.915967
1990.938192 -80.413814 -79.853278 0.915967
1990.957370 -80.058717 -79.847083 0.915967
1990.976548 -79.677914 -79.841110 0.915967
1990.995726 -79.296749 -79.835366 0.915967
1991.014905 -78.941243 -79.829859 0.915967
1991.034083 -78.633275 -79.824595 0.915967
1991.053261 -78.386701 -79.819581 0.915967
1991.072439 -78.205282 -79.814822 0.915967
1991.091617 -78.082887 -79.810321 0.915967
1991.110795 -78.005898 -79.806081 0.915967
1991.129973 -77.957233 -79.802105 0.915967
1991.149151 -77.921034 -79.798392 0.915967
1991.168329 -77.886888 -79.794941 0.915967
1991.187507 -77.852588 -79.791752 0.915967
1991.206685 -77.824746 -79.788819 0.915967
1991.225863 -77.817098 -79.786139 0.915967
1991.245042 -77.846877 -79.783706 0.915967
1991.264220 -77.930085 -79.781510 0.915967
1991.283398 -78.076784 -79.779543 0.915967
1991.302576 -78.287539 -79.777794 0.915967
1991.321754 -78.551902 -79.776250 0.915967
1991.340932 -78.849372 -79.774897 0.915967
1991.360110 -79.152718 -79.773719 0.915967
1991.379288 -79.432992 -79.772699 0.915967
1991.398466 -79.665175 -79.771817 0.915967
1991.417644 -79.833224 -79.771053 0.915967
1991.436822 -79.933387 -79.770385 0.915967
1991.456000 -79.975052 -79.769787 0.915967
1991.475178 -79.978871 -79.769236 0.915967
1991.494357 -79.972541 -79.768703 0.915967
1991.513535 -79.985111 -79.768160 0.915967
1991.532713 -80.041018 -79.767577 0.915967
1991.551891 -80.155104 -79.766923 0.915967
1991.571069 -80.329658 -79.766164 0.915967
1991.590247 -80.554087 -79.765267 0.915967
1991.609425 -80.807238 -79.764197 0.915967
1991.628603 -81.061821 -79.762916 0.915967
1991.647781 -81.289938 -79.761389 0.915967
1991.666959 -81.468508 -79.759575 0.915967
1991.686137 -81.583408 -79.757438 0.915967
1991.705315 -81.631476 -79.754935 0.915967
1991.724494 -81.620023 -79.752029 0.915967
1991.743672 -81.564034 -79.748676 0.915967
1991.762850 -81.481806 -79.744837 0.915967
1991.782028 -81.390058 -79.740469 0.915967
1991.801206 -81.299689 -79.735532 0.915967
1991.820384 -81.213158 -79.729983 0.915967
1991.839562 -81.124079 -79.723782 0.915967
1991.858740 -81.019108 -79.716888 0.915967
1991.877918 -80.881638 -79.709259 0.915967
1991.897096 -80.696418 -79.700856 0.915967
1991.916274 -80.454001 -79.691639 0.915967
1991.935452 -80.153936 -79.681571 0.915967
1991.954631 -79.805968 -79.670614 0.915967
1991.973809 -79.428915 -79.658731 0.915967
1991.992987 -79.047487 -79.645889 0.915967
1992.012165 -78.687747 -79.632052 0.915967
1992.031343 -78.372251 -79.617191 0.915967
1992.050521 -78.115978 -79.601273 0.915967
1992.069699 -77.923979 -79.584272 0.915967
1992.088877 -77.791255 -79.566160 0.915967
1992.108055 -77.704894 -79.546913 0.915967
1992.127233 -77.647930 -79.526509 0.915967
1992.146411 -77.604016 -79.504928 0.915967
1992.165589 -77.561793 -79.482152 0.915967
1992.184768 -77.517922 -79.458167 0.915967
1992.203946 -77.478022 -79.432960 0.915967
1992.223124 -77.455292 -79.406521 0.915967
1992.242302 -77.467101 -79.378843 0.915967
1992.261480 -77.530332 -79.349921 0.915967
1992.280658 -77.656564 -79.319754 0.915967
1992.299836 -77.848258 -79.288343 0.915967
1992.319014 -78.096860 -79.255693 0.915967
1992.338192 -78.383372 -79.221810 0.915967
1992.357370 -78.681319 -79.186705 0.915967
1992.376548 -78.961553 -79.150389 0.915967
1992.395726 -79.197858 -79.112881 0.915967
1992.414905 -79.372144 -79.074197 0.915967
1992.434083 -79.478083 -79.034361 0.915967
1992.453261 -79.522346 -78.993395 0.915967
1992.472439 -79.523151 -78.951329 0.915967
1992.491617 -79.506383 -78.908192 0.915967
1992.510795 -79.500106 -78.864017 0.915967
1992.529973 -79.528626 -78.818839 0.915967
1992.549151 -79.607361 -78.772697 0.915967
1992.568329 -79.739622 -78.725632 0.915967
1992.587507 -79.915942 -78.677685 0.915967
1992.606685 -80.116096 -78.628903 0.915967
1992.625863 -80.313296 -78.579333 0.915967
1992.645042 -80.479660 -78.529024 0.915967
1992.664220 -80.591706 -78.478028 0.915967
1992.683398 -80.634722 -78.426398 0.915967
1992.702576 -80.605062 -78.374188 0.915967
1992.721754 -80.509956 -78.321455 0.915967
1992.740932 -80.364948 -78.268257 0.915967
1992.760110 -80.189616 -78.214652 0.915967
1992.779288 -80.002630 -78.160701 0.915967
1992.798466 -79.817274 -78.106464 0.915967
1992.817644 -79.638492 -78.052002 0.915967
1992.836822 -79.462109 -77.997378 0.915967
1992.856000 -79.276373 -77.942655 0.915967
1992.875178 -79.065419 -77.887895 0.915967
1992.894357 -78.813820 -77.833161 0.915967
1992.913535 -78.511130 -77.778516 0.915967
1992.932713 -78.155331 -77.724022 0.915967
1992.951891 -77.754368 -77.669741 0.915967
1992.971069 -77.325391 -77.615735 0.915967
1992.990247 -76.891858 -77.562065 0.915967
1993.009425 -76.479171 -77.508790 0.915967
1993.028603 -76.109830 -77.455970 0.915967
1993.047781 -75.799223 -77.403661 0.915967
1993.066959 -75.553026 -77.351921 0.915967
1993.086137 -75.366789 -77.300805 0.915967
1993.105315 -75.227820 -77.250365 0.915967
1993.124494 -75.118884 -77.200653 0.915967
1993.143672 -75.022875 -77.151719 0.915967
1993.162850 -74.927339 -77.103611 0.915967
1993.182028 -74.827786 -77.056374 0.915967
1993.201206 -74.728989 -77.010052 0.915967
1993.220384 -74.643944 -76.964687 0.915967
1993.239562 -74.590717 -76.920317 0.915967
1993.258740 -74.587884 -76.876979 0.915967
1993.277918 -74.649633 -76.834707 0.915967
1993.297096 -74.781677 -76.793532 0.915967
1993.316274 -74.978972 -76.753484 0.915967
1993.335452 -75.225820 -76.714589 0.915967
1993.354631 -75.498428 -76.676871 0.915967
1993.373809 -75.769381 -76.640350 0.915967
1993.392987 -76.013109 -76.605044 0.915967
1993.412165 -76.211117 -76.570970 0.915967
1993.431343 -76.355823 -76.538139 0.915967
1993.450521 -76.452121 -76.506562 0.915967
1993.469699 -76.516286 -76.476246 0.915967
1993.488877 -76.572407 -76.447196 0.915967
1993.508055 -76.647111 -76.419413 0.915967
1993.527233 -76.763675 -76.392896 0.915967
1993.546411 -76.936818 -76.367641 0.915967
1993.565589 -77.169257 -76.343644 0.915967
1993.584768 -77.450793 -76.320894 0.915967
1993.603946 -77.760078 -76.299380 0.915967
1993.623124 -78.068677 -76.279090 0.915967
1993.642302 -78.346519 -76.260006 0.915967
1993.661480 -78.567549 -76.242111 0.915967
1993.680658 -78.714363 -76.225384 0.915967
1993.699836 -78.780867 -76.209802 0.915967
1993.719014 -78.772424 -76.195340 0.915967
1993.738192 -78.703562 -76.181972 0.915967
1993.757370 -78.593822 -76.169669 0.915967
1993.776548 -78.462748 -76.158400 0.915967
1993.795726 -78.325198 -76.148133 0.915967
1993.814905 -78.188030 -76.138834 0.915967
1993.834083 -78.048922 -76.130468 0.915967
1993.853261 -77.897533 -76.122997 0.915967
1993.872439 -77.718715 -76.116384 0.915967
1993.891617 -77.496961 -76.110588 0.915967
1993.910795 -77.221046 -76.105570 0.915967
1993.929973 -76.887737 -76.101288 0.915967
1993.949151 -76.503701 -76.097699 0.915967
1993.968329 -76.085155 -76.094760 0.915967
1993.987507 -75.655320 -76.092426 0.915967
1994.006685 -75.240278 -76.090653 0.915967
1994.025863 -74.864177 -76.089395 0.915967
1994.045042 -74.544885 -76.088608 0.915967
1994.064220 -74.291101 -76.088243 0.915967
1994.083398 -74.101564 -76.088257 0.915967
1994.102576 -73.966531 -76.088601 0.915967
1994.121754 -73.871152 -76.089229 0.915967
1994.140932 -73.799925 -76.090096 0.915967
1994.160110 -73.741148 -76.091154 0.915967
1994.179288 -73.690307 -76.092358 0.915967
1994.198466 -73.651549 -76.093662 0.915967
1994.217644 -73.636857 -76.095021 0.915967
1994.236822 -73.663090 -76.096389 0.915967
1994.256000 -73.747530 -76.097724 0.915967
1994.275178 -73.902993 -76.098980 0.915967
1994.294357 -74.133639 -76.100116 0.915967
1994.313535 -74.432527 -76.101090 0.915967
1994.332713 -74.781550 -76.101859 0.915967
1994.351891 -75.153876 -76.102385 0.915967
1994.371069 -75.518448 -76.102628 0.915967
1994.390247 -75.845617 -76.102551 0.915967
1994.409425 -76.112708 -76.102116 0.915967
1994.428603 -76.308315 -76.101288 0.915967
1994.447781 -76.434364 -76.100033 0.915967
1994.466959 -76.505482 -76.098317 0.915967
1994.486137 -76.545763 -76.096111 0.915967
1994.505315 -76.583614 -76.093383 0.915967
1994.524494 -76.645760 -76.090106 0.915967
1994.543672 -76.751683 -76.086252 0.915967
1994.562850 -76.909657 -76.081797 0.915967
1994.582028 -77.115199 -76.076716 0.915967
1994.601206 -77.352221 -76.070989 0.915967
1994.620384 -77.596574 -76.064596 0.915967
1994.639562 -77.821169 -76.057517 0.915967
1994.658740 -78.001515 -76.049738 0.915967
1994.677918 -78.120468 -76.041243 0.915967
1994.697096 -78.171172 -76.032020 0.915967
1994.716274 -78.157598 -76.022059 0.915967
1994.735452 -78.092645 -76.011350 0.915967
1994.754631 -77.994320 -75.999888 0.915967
1994.773809 -77.880936 -75.987666 0.915967
1994.792987 -77.766469 -75.974684 0.915967
1994.812165 -77.657172 -75.960939 0.915967
1994.831343 -77.550209 -75.946434 0.915967
1994.850521 -77.434636 -75.931171 0.915967
1994.869699 -77.294437 -75.915156 0.915967
1994.888877 -77.112927 -75.898396 0.915967
1994.908055 -76.877433 -75.880901 0.915967
1994.927233 -76.583178 -75.862682 0.915967
1994.946411 -76.235413 -75.843752 0.915967
1994.965589 -75.849308 -75.824126 0.915967
1994.984768 -75.447594 -75.803821 0.915967
1995.003946 -75.056480 -75.782857 0.915967
1995.023124 -74.700787 -75.761254 0.915967
1995.042302 -74.399392 -75.739034 0.915967
1995.061480 -74.162021 -75.716222 0.915967
1995.080658 -73.988115 -75.692844 0.915967
1995.099836 -73.868009 -75.668927 0.915967
1995.119014 -73.786119 -75.644502 0.915967
1995.138192 -73.725377 -75.619597 0.915967
1995.157370 -73.671849 -75.594247 0.915967
1995.176548 -73.618444 -75.568483 0.915967
1995.195726 -73.566807 -75.542342 0.915967
1995.214905 -73.526937 -75.515859 0.915967
1995.234083 -73.514588 -75.489072 0.915967
1995.253261 -73.547051 -75.462018 0.915967
1995.272439 -73.638292 -75.434737 0.915967
1995.291617 -73.794612 -75.407270 0.915967
1995.310795 -74.011877 -75.379657 0.915967
1995.329973 -74.275042 -75.351939 0.915967
1995.349151 -74.560177 -75.324160 0.915967
1995.368329 -74.838618 -75.296361 0.915967
1995.387507 -75.082401 -75.268587 0.915967
1995.406685 -75.269801 -75.240879 0.915967
1995.425863 -75.389759 -75.213283 0.915967
1995.445042 -75.444210 -75.185841 0.915967
1995.464220 -75.447751 -75.158596 0.915967
1995.483398 -75.424694 -75.131594 0.915967
1995.502576 -75.404076 -75.104876 0.915967
1995.521754 -75.413703 -75.078485 0.915967
1995.540932 -75.474450 -75.052464 0.915967
1995.560110 -75.596042 -75.026855 0.915967
1995.579288 -75.775176 -75.001699 0.915967
1995.598466 -75.996360 -74.977035 0.915967
1995.617644 -76.235218 -74.952905 0.915967
1995.636822 -76.463531 -74.929345 0.915967
1995.656000 -76.654859 -74.906394 0.915967
1995.675178 -76.789544 -74.884088 0.915967
1995.694357 -76.858012 -74.862461 0.915967
1995.713535 -76.861713 -74.841549 0.915967
1995.732713 -76.811587 -74.821383 0.915967
1995.751891 -76.724491 -74.801994 0.915967
1995.771069 -76.618476 -74.783411 0.915967
1995.790247 -76.508049 -74.765663 0.915967
1995.809425 -76.400541 -74.748776 0.915967
1995.828603 -76.294416 -74.732773 0.915967
1995.847781 -76.179885 -74.717679 0.915967
1995.866959 -76.041680 -74.703513 0.915967
1995.886137 -75.863289 -74.690295 0.915967
1995.905315 -75.631653 -74.678043 0.915967
1995.924494 -75.341202 -74.666770 0.915967
1995.943672 -74.996266 -74.656492 0.915967
1995.962850 -74.611279 -74.647220 0.915967
1995.982028 -74.208697 -74.638963 0.915967
1996.001206 -73.815103 -74.631730 0.915967
1996.020384 -73.456360 -74.625525 0.915967
1996.039562 -73.152925 -74.620354 0.915967
1996.058740 -72.916383 -74.616218 0.915967
1996.077918 -72.747965 -74.613117 0.915967
1996.097096 -72.639394 -74.611050 0.915967
1996.116274 -72.575809 -74.610013 0.915967
1996.135452 -72.540072 -74.610002 0.915967
1996.154631 -72.517436 -74.611009 0.915967
1996.173809 -72.499445 -74.613026 0.915967
1996.192987 -72.486140 -74.616042 0.915967
1996.212165 -72.486025 -74.620046 0.915967
1996.231343 -72.513785 -74.625024 0.915967
1996.250521 -72.586268 -74.630962 0.915967
1996.269699 -72.717677 -74.637844 0.915967
1996.288877 -72.915105 -74.645651 0.915967
1996.308055 -73.175517 -74.654365 0.915967
1996.327233 -73.484940 -74.663965 0.915967
1996.346411 -73.820153 -74.674432 0.915967
1996.365589 -74.152592 -74.685741 0.915967
1996.384768 -74.453664 -74.697869 0.915967
1996.403946 -74.700348 -74.710793 0.915967
1996.423124 -74.879838 -74.724487 0.915967
1996.442302 -74.992202 -74.738925 0.915967
1996.461480 -75.050425 -74.754080 0.915967
1996.480658 -75.077794 -74.769923 0.915967
1996.499836 -75.103126 -74.786428 0.915967
1996.519014 -75.154863 -74.803565 0.915967
1996.538192 -75.255241 -74.821305 0.915967
1996.557370 -75.415796 -74.839617 0.915967
1996.576548 -75.635117 -74.858471 0.915967
1996.595726 -75.899293 -74.877838 0.915967
1996.614905 -76.184920 -74.897685 0.915967
1996.634083 -76.463961 -74.917981 0.915967
1996.653261 -76.709378 -74.938694 0.915967
1996.672439 -76.900308 -74.959794 0.915967
1996.691617 -77.025663 -74.981246 0.915967
1996.710795 -77.085442 -75.003021 0.915967
1996.729973 -77.089529 -75.025084 0.915967
1996.749151 -77.054360 -75.047405 0.915967
1996.768329 -76.998287 -75.069949 0.915967
1996.787507 -76.936748 -75.092685 0.915967
1996.806685 -76.878396 -75.115580 0.915967
1996.825863 -76.823068 -75.138601 0.915967
1996.845042 -76.762044 -75.161716 0.915967
1996.864220 -76.680518 -75.184891 0.915967
1996.883398 -76.561664 -75.208095 0.915967
1996.902576 -76.391322 -75.231293 0.915967
1996.921754 -76.162196 -75.254455 0.915967
1996.940932 -75.876551 -75.277546 0.915967
1996.960110 -75.546763 -75.300535 0.915967
1996.979288 -75.193582 -75.323388 0.915967
1996.998466 -74.842480 -75.346073 0.915967
1997.017644 -74.518920 -75.368557 0.915967
1997.036822 -74.243623 -75.390807 0.915967
1997.056000 -74.028910 -75.412791 0.915967
1997.075178 -73.876948 -75.434477 0.915967
1997.094357 -73.780300 -75.455831 0.915967
1997.113535 -73.724601 -75.476821 0.915967
1997.132713 -73.692746 -75.497415 0.915967
1997.151891 -73.669566 -75.517580 0.915967
1997.171069 -73.645897 -75.537285 0.915967
1997.190247 -73.621042 -75.556496 0.915967
1997.209425 -73.603044 -75.575183 0.915967
1997.228603 -73.606662 -75.593312 0.915967
1997.247781 -73.649511 -75.610853 0.915967
1997.266959 -73.747251 -75.627773 0.915967
1997.286137 -73.908972 -75.644043 0.915967
1997.305315 -74.133873 -75.659630 0.915967
1997.324494 -74.410080 -75.674505 0.915967
1997.343672 -74.715973 -75.688637 0.915967
1997.362850 -75.023800 -75.701997 0.915967
1997.382028 -75.304864 -75.714555 0.915967
1997.401206 -75.535160 -75.726284 0.915967
1997.420384 -75.700250 -75.737155 0.915967
1997.439562 -75.798267 -75.747142 0.915967
1997.458740 -75.840376 -75.756217 0.915967
1997.477918 -75.848531 -75.764355 0.915967
1997.497096 -75.850981 -75.771533 0.915967
1997.516274 -75.876458 -75.777726 0.915967
1997.535452 -75.948268 -75.782912 0.915967
1997.554631 -76.079541 -75.787071 0.915967
1997.573809 -76.270617 -75.790182 0.915967
1997.592987 -76.509109 -75.792227 0.915967
1997.612165 -76.772566 -75.793189 0.915967
1997.631343 -77.033130 -75.793053 0.915967
1997.650521 -77.263139 -75.791805 0.915967
1997.669699 -77.440443 -75.789434 0.915967
1997.688877 -77.552302 -75.785929 0.915967
1997.708055 -77.597063 -75.781282 0.915967
1997.727233 -77.583329 -75.775488 0.915967
1997.746411 -77.526905 -75.768542 0.915967
1997.765589 -77.446298 -75.760442 0.915967
1997.784768 -77.357857 -75.751190 0.915967
1997.803946 -77.271705 -75.740788 0.915967
1997.823124 -77.189397 -75.729241 0.915967
1997.842302 -77.103835 -75.716558 0.915967
1997.861480 -77.001416 -75.702747 0.915967
1997.880658 -76.865890 -75.687823 0.915967
1997.899836 -76.682986 -75.671799 0.915967
1997.919014 -76.444694 -75.654695 0.915967
1997.938192 -76.152179 -75.636531 0.915967
1997.957370 -75.816623 -75.617330 0.915967
1997.976548 -75.457762 -75.597117 0.915967
1997.995726 -75.100449 -75.575923 0.915967
1998.014905 -74.770001 -75.553777 0.915967
1998.034083 -74.487412 -75.530713 0.915967
1998.053261 -74.265507 -75.506768 0.915967
1998.072439 -74.106924 -75.481980 0.915967
1998.091617 -74.004381 -75.456391 0.915967
1998.110795 -73.943146 -75.430044 0.915967
1998.129973 -73.905128 -75.402986 0.915967
1998.149151 -73.873620 -75.375265 0.915967
1998.168329 -73.837577 -75.346930 0.915967
1998.187507 -73.794404 -75.318035 0.915967
1998.206685 -73.750591 -75.288633 0.915967
1998.225863 -73.720018 -75.258780 0.915967
1998.245042 -73.720310 -75.228534 0.915967
1998.264220 -73.768074 -75.197955 0.915967
1998.283398 -73.874148 -75.167102 0.915967
1998.302576 -74.039989 -75.136037 0.915967
1998.321754 -74.256099 -75.104823 0.915967
1998.340932 -74.502933 -75.073522 0.915967
1998.360110 -74.754168 -75.042200 0.915967
1998.379288 -74.981679 -75.010919 0.915967
1998.398466 -75.161151 -74.979746 0.915967
1998.417644 -75.277101 -74.948744 0.915967
1998.436822 -75.326203 -74.917978 0.915967
1998.456000 -75.318120 -74.887513 0.915967
1998.475178 -75.273650 -74.857411 0.915967
1998.494357 -75.220521 -74.827735 0.915967
1998.513535 -75.187714 -74.798548 0.915967
1998.532713 -75.199523 -74.769910 0.915967
1998.551891 -75.270584 -74.741879 0.915967
1998.571069 -75.402933 -74.714514 0.915967
1998.590247 -75.585692 -74.687871 0.915967
1998.609425 -75.797397 -74.662003 0.915967
1998.628603 -76.010430 -74.636961 0.915967
1998.647781 -76.196555 -74.612795 0.915967
1998.666959 -76.332356 -74.589551 0.915967
1998.686137 -76.403388 -74.567275 0.915967
1998.705315 -76.406206 -74.546005 0.915967
1998.724494 -76.347888 -74.525782 0.915967
1998.743672 -76.243276 -74.506639 0.915967
1998.762850 -76.110632 -74.488609 0.915967
1998.782028 -75.966785 -74.471719 0.915967
1998.801206 -75.822913 -74.455994 0.915967
1998.820384 -75.681942 -74.441457 0.915967
1998.839562 -75.538159 -74.428123 0.915967
1998.858740 -75.379092 -74.416008 0.915967
1998.877918 -75.189202 -74.405120 0.915967
1998.897096 -74.954475 -74.395467 0.915967
1998.916274 -74.666830 -74.387050 0.915967
1998.935452 -74.327266 -74.379869 0.915967
1998.954631 -73.947002 -74.373917 0.915967
1998.973809 -73.546294 -74.369186 0.915967
1998.992987 -73.151184 -74.365664 0.915967
1999.012165 -72.788900 -74.363332 0.915967
1999.031343 -72.482933 -74.362172 0.915967
1999.050521 -72.248925 -74.362158 0.915967
1999.069699 -72.092268 -74.363265 0.915967
1999.088877 -72.007963 -74.365461 0.915967
1999.108055 -71.982736 -74.368712 0.915967
1999.127233 -71.998904 -74.372981 0.915967
1999.146411 -72.039058 -74.378229 0.915967
1999.165589 -72.090466 -74.384411 0.915967
1999.184768 -72.148134 -74.391483 0.915967
1999.203946 -72.215806 -74.399396 0.915967
1999.223124 -72.304639 -74.408101 0.915967
1999.242302 -72.429865 -74.417544 0.915967
1999.261480 -72.606203 -74.427671 0.915967
1999.280658 -72.843125 -74.438427 0.915967
1999.299836 -73.141113 -74.449753 0.915967
1999.319014 -73.489850 -74.461590 0.915967
1999.338192 -73.868847 -74.473880 0.915967
1999.357370 -74.250491 -74.486560 0.915967
1999.376548 -74.604889 -74.499570 0.915967
1999.395726 -74.905514 -74.512848 0.915967
1999.414905 -75.134416 -74.526332 0.915967
1999.434083 -75.285851 -74.539960 0.915967
1999.453261 -75.367495 -74.553671 0.915967
1999.472439 -75.398941 -74.567404 0.915967
1999.491617 -75.407749 -74.581098 0.915967
1999.510795 -75.423869 -74.594694 0.915967
1999.529973 -75.473597 -74.608134 0.915967
1999.549151 -75.574346 -74.621361 0.915967
1999.568329 -75.731307 -74.634319 0.915967
1999.587507 -75.936680 -74.646956 0.915967
1999.606685 -76.171600 -74.659219 0.915967
1999.625863 -76.410266 -74.671059 0.915967
1999.645042 -76.625357 -74.682428 0.915967
1999.664220 -76.793518 -74.693281 0.915967
1999.683398 -76.899724 -74.703575 0.915967
1999.702576 -76.939629 -74.713271 0.915967
1999.721754 -76.919420 -74.722331 0.915967
1999.740932 -76.853340 -74.730721 0.915967
1999.760110 -76.759503 -74.738408 0.915967
1999.779288 -76.655034 -74.745364 0.915967
1999.798466 -76.551697 -74.751564 0.915967
1999.817644 -76.453025 -74.756984 0.915967
1999.836822 -76.353613 -74.761605 0.915967
1999.856000 -76.240718 -74.765410 0.915967
1999.875178 -76.097768 -74.768386 0.915967
1999.894357 -75.908929 -74.770522 0.915967
1999.913535 -75.663654 -74.771811 0.915967
1999.932713 -75.360118 -74.772249 0.915967
1999.951891 -75.006728 -74.771833 0.915967
1999.971069 -74.621324 -74.770565 0.915967
1999.990247 -74.228244 -74.768450 0.915967
2000.009425 -73.853905 -74.765494 0.915967
2000.028603 -73.521904 -74.761707 0.915967
2000.047781 -73.248752 -74.757100 0.915967
2000.066959 -73.041212 -74.751689 0.915967
2000.086137 -72.895832 -74.745489 0.915967
2000.105315 -72.800760 -74.738519 0.915967
2000.124494 -72.739390 -74.730801 0.915967
2000.143672 -72.694978 -74.722356 0.915967
2000.162850 -72.655116 -74.713210 0.915967
2000.182028 -72.615005 -74.703387 0.915967
2000.201206 -72.578730 -74.692915 0.915967
2000.220384 -72.558214 -74.681823 0.915967
2000.239562 -72.570084 -74.670139 0.915967
2000.258740 -72.631150 -74.657894 0.915967
2000.277918 -72.753573 -74.645120 0.915967
2000.297096 -72.940874 -74.631847 0.915967
2000.316274 -73.185763 -74.618107 0.915967
2000.335452 -73.470379 -74.603933 0.915967
2000.354631 -73.768977 -74.589356 0.915967
2000.373809 -74.052550 -74.574409 0.915967
2000.392987 -74.294417 -74.559122 0.915967
2000.412165 -74.475560 -74.543528 0.915967
2000.431343 -74.588531 -74.527657 0.915967
2000.450521 -74.639054 -74.511539 0.915967
2000.469699 -74.644916 -74.495202 0.915967
2000.488877 -74.632345 -74.478674 0.915967
2000.508055 -74.630633 -74.461983 0.915967
2000.527233 -74.666112 -74.445153 0.915967
2000.546411 -74.756773 -74.428210 0.915967
2000.565589 -74.908646 -74.411176 0.915967
2000.584768 -75.114693 -74.394071 0.915967
2000.603946 -75.356401 -74.376916 0.915967
2000.623124 -75.607690 -74.359728 0.915967
2000.642302 -75.840246 -74.342523 0.915967
2000.661480 -76.029104 -74.325317 0.915967
2000.680658 -76.157253 -74.308120 0.915967
2000.699836 -76.218320 -74.290944 0.915967
2000.719014 -76.216795 -74.273797 0.915967
2000.738192 -76.165837 -74.256687 0.915967
2000.757370 -76.083270 -74.239617 0.915967
2000.776548 -75.986720 -74.222591 0.915967
2000.795726 -75.889086 -74.205609 0.915967
2000.814905 -75.795373 -74.188671 0.915967
2000.834083 -75.701627 -74.171775 0.915967
2000.853261 -75.596197 -74.154915 0.915967
2000.872439 -75.462991 -74.138085 0.915967
2000.891617 -75.285943 -74.121277 0.915967
2000.910795 -75.053618 -74.104482 0.915967
2000.929973 -74.762863 -74.087689 0.915967
2000.949151 -74.420623 -74.070884 0.915967
2000.968329 -74.043483 -74.054055 0.915967
2000.987507 -73.655007 -74.037186 0.915967
2001.006685 -73.281485 -74.020261 0.915967
2001.025863 -72.947045 -74.003261 0.915967
2001.045042 -72.669240 -73.986169 0.915967
2001.064220 -72.456118 -73.968965 0.915967
2001.083398 -72.305429 -73.951630 0.915967
2001.102576 -72.206142 -73.934142 0.915967
2001.121754 -72.141877 -73.916481 0.915967
2001.140932 -72.095458 -73.898625 0.915967
2001.160110 -72.053476 -73.880552 0.915967
2001.179288 -72.009801 -73.862240 0.915967
2001.198466 -71.967172 -73.843668 0.915967
2001.217644 -71.936495 -73.824813 0.915967
2001.236822 -71.933966 -73.805654 0.915967
2001.256000 -71.976694 -73.786169 0.915967
2001.275178 -72.077846 -73.766339 0.915967
2001.294357 -72.242462 -73.746143 0.915967
2001.313535 -72.464974 -73.725561 0.915967
2001.332713 -72.729080 -73.704574 0.915967
2001.351891 -73.010099 -73.683167 0.915967
2001.371069 -73.279353 -73.661320 0.915967
2001.390247 -73.509682 -73.639020 0.915967
2001.409425 -73.680885 -73.616252 0.915967
2001.428603 -73.783885 -73.593003 0.915967
2001.447781 -73.822690 -73.569262 0.915967
2001.466959 -73.813667 -73.545018 0.915967
2001.486137 -73.782242 -73.520264 0.915967
2001.505315 -73.757709 -73.494993 0.915967
2001.524494 -73.767220 -73.469199 0.915967
2001.543672 -73.830244 -73.442880 0.915967
2001.562850 -73.954640 -73.416034 0.915967
2001.582028 -74.135170 -73.388663 0.915967
2001.601206 -74.354727 -73.360767 0.915967
2001.620384 -74.587961 -73.332352 0.915967
2001.639562 -74.806487 -73.303425 0.915967
2001.658740 -74.984506 -73.273993 0.915967
2001.677918 -75.103628 -73.244067 0.915967
2001.697096 -75.155876 -73.213661 0.915967
2001.716274 -75.144263 -73.182787 0.915967
2001.735452 -75.080933 -73.151464 0.915967
2001.754631 -74.983342 -73.119709 0.915967
2001.773809 -74.869461 -73.087544 0.915967
2001.792987 -74.753110 -73.054991 0.915967
2001.812165 -74.640543 -73.022075 0.915967
2001.831343 -74.529055 -72.988822 0.915967
2001.850521 -74.407916 -72.955261 0.915967
2001.869699 -74.261376 -72.921422 0.915967
2001.888877 -74.073029 -72.887337 0.915967
2001.908055 -73.830467 -72.853041 0.915967
2001.927233 -73.529139 -72.818569 0.915967
2001.946411 -73.174471 -72.783957 0.915967
2001.965589 -72.781750 -72.749244 0.915967
2001.984768 -72.373766 -72.714472 0.915967
2002.003946 -71.976737 -72.679680 0.915967
2002.023124 -71.615452 -72.644912 0.915967
2002.042302 -71.308727 -72.610212 0.915967
2002.061480 -71.066217 -72.575624 0.915967
2002.080658 -70.887293 -72.541195 0.915967
2002.099836 -70.762232 -72.506971 0.915967
2002.119014 -70.675407 -72.473000 0.915967
2002.138192 -70.609732 -72.439330 0.915967
2002.157370 -70.551276 -72.406010 0.915967
2002.176548 -70.492967 -72.373089 0.915967
2002.195726 -70.436479 -72.340616 0.915967
2002.214905 -70.391840 -72.308641 0.915967
2002.234083 -70.374826 -72.277213 0.915967
2002.253261 -70.402729 -72.246383 0.915967
2002.272439 -70.489497 -72.216199 0.915967
2002.291617 -70.641380 -72.186709 0.915967
2002.310795 -70.854170 -72.157963 0.915967
2002.329973 -71.112722 -72.130008 0.915967
2002.349151 -71.392992 -72.102891 0.915967
2002.368329 -71.666199 -72.076658 0.915967
2002.387507 -71.904275 -72.051354 0.915967
2002.406685 -72.085417 -72.027023 0.915967
2002.425863 -72.198533 -72.003707 0.915967
2002.445042 -72.245583 -71.981447 0.915967
2002.464220 -72.241260 -71.960283 0.915967
2002.483398 -72.210044 -71.940252 0.915967
2002.502576 -72.181228 -71.921390 0.915967
2002.521754 -72.182944 -71.903731 0.915967
2002.540932 -72.236464 -71.887307 0.915967
2002.560110 -72.351965 -71.872147 0.915967
2002.579288 -72.526633 -71.858279 0.915967
2002.598466 -72.745477 -71.845727 0.915967
2002.617644 -72.984617 -71.834514 0.915967
2002.636822 -73.216298 -71.824658 0.915967
2002.656000 -73.414491 -71.816178 0.915967
2002.675178 -73.559878 -71.809087 0.915967
2002.694357 -73.643134 -71.803395 0.915967
2002.713535 -73.665860 -71.799112 0.915967
2002.732713 -73.639043 -71.796242 0.915967
2002.751891 -73.579477 -71.794787 0.915967
2002.771069 -73.505045 -71.794745 0.915967
2002.790247 -73.429987 -71.796112 0.915967
2002.809425 -73.361279 -71.798881 0.915967
2002.828603 -73.296944 -71.803040 0.915967
2002.847781 -73.226691 -71.808574 0.915967
2002.866959 -73.134692 -71.815465 0.915967
2002.886137 -73.003833 -71.823693 0.915967
2002.905315 -72.820425 -71.833233 0.915967
2002.924494 -72.578251 -71.844056 0.915967
2002.943672 -72.280992 -71.856131 0.915967
2002.962850 -71.942440 -71.869424 0.915967
2002.982028 -71.584435 -71.883897 0.915967
2003.001206 -71.232981 -71.899509 0.915967
2003.020384 -70.913415 -71.916215 0.915967
2003.039562 -70.645734 -71.933968 0.915967
2003.058740 -70.441142 -71.952718 0.915967
2003.077918 -70.300585 -71.972412 0.915967
2003.097096 -70.215601 -71.992992 0.915967
2003.116274 -70.171255 -72.014402 0.915967
2003.135452 -70.150448 -72.036578 0.915967
2003.154631 -70.138578 -72.059458 0.915967
2003.173809 -70.127440 -72.082975 0.915967
2003.192987 -70.117409 -72.107061 0.915967
2003.212165 -70.117402 -72.131645 0.915967
2003.231343 -70.142564 -72.156655 0.915967
2003.250521 -70.210234 -72.182018 0.915967
2003.269699 -70.335108 -72.207656 0.915967
2003.288877 -70.524758 -72.233495 0.915967
2003.308055 -70.776591 -72.259455 0.915967
2003.327233 -71.077021 -72.285457 0.915967
2003.346411 -71.403151 -72.311422 0.915967
2003.365589 -71.726670 -72.337270 0.915967
2003.384768 -72.019171 -72.362919 0.915967
2003.403946 -72.257749 -72.388288 0.915967
2003.423124 -72.429657 -72.413297 0.915967
2003.442302 -72.534974 -72.437865 0.915967
2003.461480 -72.586663 -72.461911 0.915967
2003.480658 -72.607959 -72.485357 0.915967
2003.499836 -72.627622 -72.508124 0.915967
2003.519014 -72.674025 -72.530133 0.915967
2003.538192 -72.769341 -72.551309 0.915967
2003.557370 -72.925048 -72.571578 0.915967
2003.576548 -73.139683 -72.590866 0.915967
2003.595726 -73.399295 -72.609102 0.915967
2003.614905 -73.680446 -72.626217 0.915967
2003.634083 -73.955077 -72.642145 0.915967
2003.653261 -74.196143 -72.656822 0.915967
2003.672439 -74.382787 -72.670187 0.915967
2003.691617 -74.503951 -72.682180 0.915967
2003.710795 -74.559689 -72.692747 0.915967
2003.729973 -74.559981 -72.701835 0.915967
2003.749151 -74.521392 -72.709396 0.915967
2003.768329 -74.462444 -72.715384 0.915967
2003.787507 -74.398786 -72.719757 0.915967
2003.806685 -74.339311 -72.722477 0.915967
2003.825863 -74.284105 -72.723510 0.915967
2003.845042 -74.224696 -72.722826 0.915967
2003.864220 -74.146486 -72.720398 0.915967
2003.883398 -74.032792 -72.716204 0.915967
2003.902576 -73.869497 -72.710227 0.915967
2003.921754 -73.649215 -72.702452 0.915967
2003.940932 -73.373957 -72.692869 0.915967
2003.960110 -73.055664 -72.681474 0.915967
2003.979288 -72.714460 -72.668266 0.915967
2003.998466 -72.375001 -72.653248 0.915967
2004.017644 -72.061764 -72.636427 0.915967
2004.036822 -71.794348 -72.617815 0.915967
2004.056000 -71.583861 -72.597429 0.915967
2004.075178 -71.431230 -72.575288 0.915967
2004.094357 -71.327808 -72.551417 0.915967
2004.113535 -71.258131 -72.525844 0.915967
2004.132713 -71.204169 -72.498601 0.915967
2004.151891 -71.150066 -72.469725 0.915967
2004.171069 -71.086248 -72.439256 0.915967
2004.190247 -71.011930 -72.407236 0.915967
2004.209425 -70.935386 -72.373713 0.915967
2004.228603 -70.871923 -72.338737 0.915967
2004.247781 -70.839980 -72.302362 0.915967
2004.266959 -70.856274 -72.264643 0.915967
2004.286137 -70.931103 -72.225642 0.915967
2004.305315 -71.064949 -72.185419 0.915967
2004.324494 -71.247218 -72.144039 0.915967
2004.343672 -71.457469 -72.101569 0.915967
2004.362850 -71.668968 -72.058080 0.915967
2004.382028 -71.853807 -72.013640 0.915967
2004.401206 -71.988510 -71.968325 0.915967
2004.420384 -72.058892 -71.922207 0.915967
2004.439562 -72.063074 -71.875364 0.915967
2004.458740 -72.011985 -71.827871 0.915967
2004.477918 -71.927176 -71.779807 0.915967
2004.497096 -71.836407 -71.731250 0.915967
2004.516274 -71.767916 -71.682280 0.915967
2004.535452 -71.744605 -71.632976 0.915967
2004.554631 -71.779371 -71.583418 0.915967
2004.573809 -71.872566 -71.533684 0.915967
2004.592987 -72.012106 -71.483856 0.915967
2004.612165 -72.176158 -71.434011 0.915967
2004.631343 -72.337798 -71.384226 0.915967
2004.650521 -72.470572 -71.334581 0.915967
2004.669699 -72.553758 -71.285150 0.915967
2004.688877 -72.576175 -71.236009 0.915967
2004.708055 -72.537763 -71.187230 0.915967
2004.727233 -72.448644 -71.138887 0.915967
2004.746411 -72.325964 -71.091049 0.915967
2004.765589 -72.189296 -71.043784 0.915967
2004.784768 -72.055708 -70.997159 0.915967
2004.803946 -71.935643 -70.951238 0.915967
2004.823124 -71.830563 -70.906083 0.915967
2004.842302 -71.732867 -70.861754 0.915967
2004.861480 -71.628090 -70.818306 0.915967
2004.880658 -71.498828 -70.775795 0.915967
2004.899836 -71.329449 -70.734272 0.915967
2004.919014 -71.110481 -70.693786 0.915967
2004.938192 -70.841623 -70.654384 0.915967
2004.957370 -70.532681 -70.616106 0.915967
2004.976548 -70.202192 -70.578996 0.915967
2004.995726 -69.874033 -70.543088 0.915967
2005.014905 -69.572810 -70.508417 0.915967
2005.034083 -69.319067 -70.475014 0.915967
2005.053261 -69.125422 -70.442907 0.915967
2005.072439 -68.994502 -70.412121 0.915967
2005.091617 -68.919152 -70.382676 0.915967
2005.110795 -68.884836 -70.354593 0.915967
2005.129973 -68.873665 -70.327885 0.915967
2005.149151 -68.869081 -70.302566 0.915967
2005.168329 -68.860090 -70.278644 0.915967
2005.187507 -68.844031 -70.256126 0.915967
2005.206685 -68.827209 -70.235016 0.915967
2005.225863 -68.823219 -70.215314 0.915967
2005.245042 -68.849335 -70.197017 0.915967
2005.264220 -68.921793 -70.180121 0.915967
2005.283398 -69.051094 -70.164617 0.915967
2005.302576 -69.238431 -70.150496 0.915967
2005.321754 -69.474153 -70.137744 0.915967
2005.340932 -69.738684 -70.126345 0.915967
2005.360110 -70.005793 -70.116283 0.915967
2005.379288 -70.247539 -70.107537 0.915967
2005.398466 -70.439841 -70.100084 0.915967
2005.417644 -70.567449 -70.093901 0.915967
2005.436822 -70.627198 -70.088961 0.915967
2005.456000 -70.628801 -70.085236 0.915967
2005.475178 -70.592939 -70.082695 0.915967
2005.494357 -70.547053 -70.081308 0.915967
2005.513535 -70.519674 -70.081040 0.915967
2005.532713 -70.534530 -70.081857 0.915967
2005.551891 -70.605650 -70.083723 0.915967
2005.571069 -70.734536 -70.086600 0.915967
2005.590247 -70.909953 -70.090450 0.915967
2005.609425 -71.110394 -70.095233 0.915967
2005.628603 -71.308617 -70.100909 0.915967
2005.647781 -71.477276 -70.107435 0.915967
2005.666959 -71.594399 -70.114771 0.915967
2005.686137 -71.647544 -70.122873 0.915967
2005.705315 -71.635763 -70.131697 0.915967
2005.724494 -71.569011 -70.141200 0.915967
2005.743672 -71.465209 -70.151338 0.915967
2005.762850 -71.345692 -70.162065 0.915967
2005.782028 -71.230110 -70.173338 0.915967
2005.801206 -71.131957 -70.185111 0.915967
2005.820384 -71.055736 -70.197340 0.915967
2005.839562 -70.996367 -70.209979 0.915967
2005.858740 -70.940924 -70.222984 0.915967
2005.877918 -70.872250 -70.236311 0.915967
2005.897096 -70.773554 -70.249915 0.915967
2005.916274 -70.632911 -70.263753 0.915967
2005.935452 -70.446587 -70.277781 0.915967
2005.954631 -70.220414 -70.291956 0.915967
2005.973809 -69.968913 -70.306236 0.915967
2005.992987 -69.712373 -70.320579 0.915967
2006.012165 -69.472588 -70.334944 0.915967
2006.031343 -69.268262 -70.349290 0.915967
2006.050521 -69.111180 -70.363578 0.915967
2006.069699 -69.004035 -70.377769 0.915967
2006.088877 -68.940434 -70.391826 0.915967
2006.108055 -68.907088 -70.405710 0.915967
2006.127233 -68.887659 -70.419387 0.915967
2006.146411 -68.867343 -70.432821 0.915967
2006.165589 -68.837104 -70.445978 0.915967
2006.184768 -68.796504 -70.458825 0.915967
2006.203946 -68.754437 -70.471331 0.915967
2006.223124 -68.727513 -70.483464 0.915967
2006.242302 -68.736419 -70.495196 0.915967
2006.261480 -68.801055 -70.506498 0.915967
2006.280658 -68.935549 -70.517343 0.915967
2006.299836 -69.144296 -70.527706 0.915967
2006.319014 -69.419983 -70.537563 0.915967
2006.338192 -69.744114 -70.546889 0.915967
2006.357370 -70.089987 -70.555664 0.915967
2006.376548 -70.427539 -70.563867 0.915967
2006.395726 -70.729037 -70.571480 0.915967
2006.414905 -70.974375 -70.578485 0.915967
2006.434083 -71.154833 -70.584866 0.915967
2006.453261 -71.274453 -70.590609 0.915967
2006.472439 -71.348723 -70.595700 0.915967
2006.491617 -71.400835 -70.600129 0.915967
2006.510795 -71.456329 -70.603886 0.915967
2006.529973 -71.537274 -70.606962 0.915967
2006.549151 -71.657256 -70.609351 0.915967
2006.568329 -71.818243 -70.611047 0.915967
2006.587507 -72.009999 -70.612047 0.915967
2006.606685 -72.212158 -70.612349 0.915967
2006.625863 -72.398457 -70.611953 0.915967
2006.645042 -72.542204 -70.610860 0.915967
2006.664220 -72.621764 -70.609073 0.915967
2006.683398 -72.624864 -70.606597 0.915967
2006.702576 -72.550811 -70.603439 0.915967
2006.721754 -72.410187 -70.599605 0.915967
2006.740932 -72.222134 -70.595107 0.915967
2006.760110 -72.009923 -70.589955 0.915967
2006.779288 -71.795810 -70.584162 0.915967
2006.798466 -71.596392 -70.577743 0.915967
2006.817644 -71.419462 -70.570714 0.915967
2006.836822 -71.263078 -70.563094 0.915967
2006.856000 -71.116966 -70.554901 0.915967
2006.875178 -70.965910 -70.546156 0.915967
2006.894357 -70.794256 -70.536883 0.915967
2006.913535 -70.590471 -70.527106 0.915967
2006.932713 -70.350663 -70.516851 0.915967
2006.951891 -70.080233 -70.506145 0.915967
2006.971069 -69.793274 -70.495016 0.915967
2006.990247 -69.509870 -70.483495 0.915967
2007.009425 -69.251932 -70.471613 0.915967
2007.028603 -69.038557 -70.459405 0.915967
2007.047781 -68.882010 -70.446903 0.915967
2007.066959 -68.785275 -70.434144 0.915967
2007.086137 -68.741758 -70.421163 0.915967
2007.105315 -68.737226 -70.408001 0.915967
2007.124494 -68.753514 -70.394694 0.915967
2007.143672 -68.773151 -70.381283 0.915967
2007.162850 -68.783782 -70.367810 0.915967
2007.182028 -68.781348 -70.354316 0.915967
2007.201206 -68.771224 -70.340845 0.915967
2007.220384 -68.767020 -70.327438 0.915967
2007.239562 -68.787268 -70.314141 0.915967
2007.258740 -68.850735 -70.300999 0.915967
2007.277918 -68.971435 -70.288055 0.915967
2007.297096 -69.154500 -70.275357 0.915967
2007.316274 -69.393908 -70.262949 0.915967
2007.335452 -69.672666 -70.250878 0.915967
2007.354631 -69.965474 -70.239189 0.915967
2007.373809 -70.243370 -70.227930 0.915967
2007.392987 -70.479374 -70.217144 0.915967
2007.412165 -70.653917 -70.206879 0.915967
2007.431343 -70.758864 -70.197180 0.915967
2007.450521 -70.799228 -70.188091 0.915967
2007.469699 -70.792186 -70.179656 0.915967
2007.488877 -70.763562 -70.171920 0.915967
2007.508055 -70.742520 -70.164924 0.915967
2007.527233 -70.755588 -70.158711 0.915967
2007.546411 -70.821273 -70.153321 0.915967
2007.565589 -70.946394 -70.148795 0.915967
2007.584768 -71.124890 -70.145169 0.915967
2007.603946 -71.339289 -70.142482 0.915967
2007.623124 -71.564481 -70.140768 0.915967
2007.642302 -71.772902 -70.140061 0.915967
2007.661480 -71.939982 -70.140393 0.915967
2007.680658 -72.048662 -70.141795 0.915967
2007.699836 -72.092019 -70.144294 0.915967
2007.719014 -72.073507 -70.147917 0.915967
2007.738192 -72.004853 -70.152687 0.915967
2007.757370 -71.902199 -70.158626 0.915967
2007.776548 -71.781454 -70.165755 0.915967
2007.795726 -71.654017 -70.174088 0.915967
2007.814905 -71.523877 -70.183642 0.915967
2007.834083 -71.386812 -70.194428 0.915967
2007.853261 -71.231854 -70.206455 0.915967
2007.872439 -71.044684 -70.219730 0.915967
2007.891617 -70.812128 -70.234256 0.915967
2007.910795 -70.526684 -70.250035 0.915967
2007.929973 -70.189961 -70.267064 0.915967
2007.949151 -69.814174 -70.285339 0.915967
2007.968329 -69.421273 -70.304852 0.915967
2007.987507 -69.039814 -70.325592 0.915967
2008.006685 -68.700223 -70.347546 0.915967
2008.025863 -68.429458 -70.370698 0.915967
2008.045042 -68.246238 -70.395027 0.915967
2008.064220 -68.157878 -70.420512 0.915967
2008.083398 -68.159431 -70.447127 0.915967
2008.102576 -68.235307 -70.474845 0.915967
2008.121754 -68.363003 -70.503633 0.915967
2008.140932 -68.518098 -70.533459 0.915967
2008.160110 -68.679391 -70.564287 0.915967
2008.179288 -68.833045 -70.596078 0.915967
2008.198466 -68.974835 -70.628793 0.915967
2008.217644 -69.110011 -70.662386 0.915967
2008.236822 -69.250903 -70.696809 0.915967
2008.256000 -69.412831 -70.732015 0.915967
2008.275178 -69.609338 -70.767953 0.915967
2008.294357 -69.847874 -70.804573 0.915967
2008.313535 -70.126977 -70.841817 0.915967
2008.332713 -70.435635 -70.879632 0.915967
2008.351891 -70.755003 -70.917961 0.915967
2008.371069 -71.062104 -70.956744 0.915967
2008.390247 -71.334667 -70.995922 0.915967
2008.409425 -71.555994 -71.035434 0.915967
2008.428603 -71.718704 -71.075217 0.915967
2008.447781 -71.826485 -71.115210 0.915967
2008.466959 -71.893372 -71.155348 0.915967
2008.486137 -71.940705 -71.195570 0.915967
2008.505315 -71.992388 -71.235809 0.915967
2008.524494 -72.069504 -71.276003 0.915967
2008.543672 -72.185484 -71.316089 0.915967
2008.562850 -72.342923 -71.356005 0.915967
2008.582028 -72.532771 -71.395686 0.915967
2008.601206 -72.736111 -71.435074 0.915967
2008.620384 -72.928144 -71.474106 0.915967
2008.639562 -73.083520 -71.512725 0.915967
2008.658740 -73.181827 -71.550872 0.915967
2008.677918 -73.212052 -71.588492 0.915967
2008.697096 -73.174993 -71.625530 0.915967
2008.716274 -73.083104 -71.661934 0.915967
2008.735452 -72.957802 -71.697653 0.915967
2008.754631 -72.824824 -71.732640 0.915967
2008.773809 -72.708654 -71.766850 0.915967
2008.792987 -72.627248 -71.800237 0.915967
2008.812165 -72.588210 -71.832763 0.915967
2008.831343 -72.587227 -71.864390 0.915967
2008.850521 -72.609102 -71.895085 0.915967
2008.869699 -72.631123 -71.924815 0.915967
2008.888877 -72.627997 -71.953553 0.915967
2008.908055 -72.577277 -71.981275 0.915967
2008.927233 -72.464082 -72.007960 0.915967
2008.946411 -72.284119 -72.033590 0.915967
2008.965589 -72.044420 -72.058146 0.915967
2008.984768 -71.761718 -72.081621 0.915967
2009.003946 -71.458909 -72.104008 0.915967
2009.023124 -71.160499 -72.125302 0.915967
2009.042302 -70.888095 -72.145506 0.915967
2009.061480 -70.656973 -72.164622 0.915967
2009.080658 -70.474467 -72.182656 0.915967
2009.099836 -70.340447 -72.199620 0.915967
2009.119014 -70.249643 -72.215527 0.915967
2009.138192 -70.195139 -72.230396 0.915967
2009.157370 -70.172034 -72.244248 0.915967
2009.176548 -70.180273 -72.257108 0.915967
2009.195726 -70.225817 -72.269002 0.915967
2009.214905 -70.319764 -72.279961 0.915967
2009.234083 -70.475515 -72.290018 0.915967
2009.253261 -70.704616 -72.299212 0.915967
2009.272439 -71.012258 -72.307581 0.915967
2009.291617 -71.393555 -72.315166 0.915967
2009.310795 -71.831629 -72.322012 0.915967
2009.329973 -72.298137 -72.328163 0.915967
2009.349151 -72.756358 -72.333668 0.915967
2009.368329 -73.166403 -72.338578 0.915967
2009.387507 -73.491581 -72.342945 0.915967
2009.406685 -73.704682 -72.346821 0.915967
2009.425863 -73.792894 -72.350260 0.915967
2009.445042 -73.760319 -72.353317 0.915967
2009.464220 -73.627514 -72.356049 0.915967
2009.483398 -73.428099 -72.358511 0.915967
2009.502576 -73.203079 -72.360761 0.915967
2009.521754 -72.993962 -72.362856 0.915967
2009.540932 -72.836028 -72.364852 0.915967
2009.560110 -72.753028 -72.366805 0.915967
2009.579288 -72.754276 -72.368772 0.915967
2009.598466 -72.834596 -72.370808 0.915967
2009.617644 -72.976944 -72.372968 0.915967
2009.636822 -73.157013 -72.375302 0.915967
2009.656000 -73.348718 -72.377863 0.915967
2009.675178 -73.529338 -72.380700 0.915967
2009.694357 -73.683217 -72.383860 0.915967
2009.713535 -73.803326 -72.387390 0.915967
2009.732713 -73.890497 -72.391332 0.915967
2009.751891 -73.950703 -72.395728 0.915967
2009.771069 -73.991192 -72.400616 0.915967
2009.790247 -74.016545 -72.406032 0.915967
2009.809425 -74.025715 -72.412008 0.915967
2009.828603 -74.010825 -72.418573 0.915967
2009.847781 -73.958103 -72.425756 0.915967
2009.866959 -73.850739 -72.433578 0.915967
2009.886137 -73.673033 -72.442060 0.915967
2009.905315 -73.414828 -72.451219 0.915967
2009.924494 -73.075150 -72.461067 0.915967
2009.943672 -72.664143 -72.471614 0.915967
2009.962850 -72.202755 -72.482865 0.915967
2009.982028 -71.720148 -72.494823 0.915967
2010.001206 -71.249330 -72.507485 0.915967
2010.020384 -70.821922 -72.520847 0.915967
2010.039562 -70.463172 -72.534900 0.915967
2010.058740 -70.188297 -72.549630 0.915967
2010.077918 -70.000917 -72.565022 0.915967
2010.097096 -69.893901 -72.581056 0.915967
2010.116274 -69.852382 -72.597707 0.915967
2010.135452 -69.858221 -72.614950 0.915967
2010.154631 -69.894860 -72.632754 0.915967
2010.173809 -69.951441 -72.651086 0.915967
2010.192987 -70.025231 -72.669909 0.915967
2010.212165 -70.121795 -72.689185 0.915967
2010.231343 -70.252893 -72.708870 0.915967
2010.250521 -70.432610 -72.728919 0.915967
2010.269699 -70.672655 -72.749284 0.915967
2010.288877 -70.977963 -72.769915 0.915967
2010.308055 -71.343701 -72.790760 0.915967
2010.327233 -71.754442 -72.811763 0.915967
2010.346411 -72.185819 -72.832869 0.915967
2010.365589 -72.608356 -72.854019 0.915967
2010.384768 -72.992710 -72.875154 0.915967
2010.403946 -73.315181 -72.896213 0.915967
2010.423124 -73.562284 -72.917134 0.915967
2010.442302 -73.733348 -72.937854 0.915967
2010.461480 -73.840527 -72.958311 0.915967
2010.480658 -73.906176 -72.978439 0.915967
2010.499836 -73.958118 -72.998174 0.915967
2010.519014 -74.023791 -73.017453 0.915967
2010.538192 -74.124512 -73.036211 0.915967
2010.557370 -74.271092 -73.054385 0.915967
2010.576548 -74.461696 -73.071912 0.915967
2010.595726 -74.682417 -73.088729 0.915967
2010.614905 -74.910367 -73.104776 0.915967
2010.634083 -75.118608 -73.119993 0.915967
2010.653261 -75.281817 -73.134322 0.915967
2010.672439 -75.381433 -73.147705 0.915967
2010.691617 -75.409207 -73.160089 0.915967
2010.710795 -75.368397 -73.171419 0.915967
2010.729973 -75.272425 -73.181647 0.915967
2010.749151 -75.141368 -73.190722 0.915967
2010.768329 -74.997127 -73.198599 0.915967
2010.787507 -74.858411 -73.205236 0.915967
2010.806685 -74.736679 -73.210590 0.915967
2010.825863 -74.633950 -73.214626 0.915967
2010.845042 -74.542932 -73.217308 0.915967
2010.864220 -74.449406 -73.218605 0.915967
2010.883398 -74.336246 -73.218489 0.915967
2010.902576 -74.188098 -73.216936 0.915967
2010.921754 -73.995616 -73.213923 0.915967
2010.940932 -73.758234 -73.209433 0.915967
2010.960110 -73.484830 -73.203452 0.915967
2010.979288 -73.192121 -73.195967 0.915967
2010.998466 -72.901176 -73.186972 0.915967
2011.017644 -72.632867 -73.176462 0.915967
2011.036822 -72.403329 -73.164438 0.915967
2011.056000 -72.220504 -73.150904 0.915967
2011.075178 -72.082599 -73.135867 0.915967
2011.094357 -71.978819 -73.119338 0.915967
2011.113535 -71.892237 -73.101330 0.915967
2011.132713 -71.804131 -73.081860 0.915967
2011.151891 -71.698778 -73.060950 0.915967
2011.171069 -71.567585 -73.038624 0.915967
2011.190247 -71.411567 -73.014908 0.915967
2011.209425 -71.241553 -72.989835 0.915967
2011.228603 -71.076040 -72.963438 0.915967
2011.247781 -70.937145 -72.935754 0.915967
2011.266959 -70.845558 -72.906821 0.915967
2011.286137 -70.815635 -72.876683 0.915967
2011.305315 -70.851793 -72.845384 0.915967
2011.324494 -70.947033 -72.812971 0.915967
2011.343672 -71.084016 -72.779494 0.915967
2011.362850 -71.238473 -72.745003 0.915967
2011.382028 -71.384272 -72.709553 0.915967
2011.401206 -71.499018 -72.673198 0.915967
2011.420384 -71.568984 -72.635997 0.915967
2011.439562 -71.592252 -72.598005 0.915967
2011.458740 -71.579381 -72.559284 0.915967
2011.477918 -71.551414 -72.519893 0.915967
2011.497096 -71.535640 -72.479893 0.915967
2011.516274 -71.560024 -72.439346 0.915967
2011.535452 -71.647482 -72.398315 0.915967
2011.554631 -71.811225 -72.356862 0.915967
2011.573809 -72.052151 -72.315050 0.915967
2011.592987 -72.358795 -72.272940 0.915967
2011.612165 -72.709788 -72.230595 0.915967
2011.631343 -73.078216 -72.188077 0.915967
2011.650521 -73.436880 -72.145447 0.915967
2011.669699 -73.763257 -72.102764 0.915967
2011.688877 -74.043069 -72.060088 0.915967
2011.708055 -74.271712 -72.017475 0.915967
2011.727233 -74.453290 -71.974982 0.915967
2011.746411 -74.597563 -71.932662 0.915967
2011.765589 -74.715615 -71.890569 0.915967
2011.784768 -74.815311 -71.848753 0.915967
2011.803946 -74.897685 -71.807263 0.915967
2011.823124 -74.955160 -71.766144 0.915967
2011.842302 -74.972077 -71.725440 0.915967
2011.861480 -74.927472 -71.685192 0.915967
2011.880658 -74.799496 -71.645440 0.915967
2011.899836 -74.570505 -71.606218 0.915967
2011.919014 -74.231651 -71.567561 0.915967
2011.938192 -73.785922 -71.529498 0.915967
2011.957370 -73.248911 -71.492057 0.915967
2011.976548 -72.647094 -71.455260 0.915967
2011.995726 -72.013956 -71.419128 0.915967
2012.014905 -71.384776 -71.383679 0.915967
2012.034083 -70.791199 -71.348926 0.915967
2012.053261 -70.256715 -71.314883 0.915967
2012.072439 -69.794018 -71.281556 0.915967
2012.091617 -69.404719 -71.248951 0.915967
2012.110795 -69.081402 -71.217069 0.915967
2012.129973 -68.811452 -71.185907 0.915967
2012.149151 -68.581706 -71.155462 0.915967
2012.168329 -68.382783 -71.125724 0.915967
2012.187507 -68.212083 -71.096684 0.915967
2012.206685 -68.074713 -71.068327 0.915967
2012.225863 -67.982155 -71.040637 0.915967
2012.245042 -67.948992 -71.013595 0.915967
2012.264220 -67.988496 -70.987178 0.915967
2012.283398 -68.108158 -70.961362 0.915967
2012.302576 -68.306286 -70.936121 0.915967
2012.321754 -68.570542 -70.911426 0.915967
2012.340932 -68.878877 -70.887246 0.915967
2012.360110 -69.202761 -70.863549 0.915967
2012.379288 -69.512068 -70.840301 0.915967
2012.398466 -69.780592 -70.817467 0.915967
2012.417644 -69.990988 -70.795010 0.915967
2012.436822 -70.138044 -70.772891 0.915967
2012.456000 -70.229528 -70.751074 0.915967
2012.475178 -70.284406 -70.729518 0.915967
2012.494357 -70.328761 -70.708185 0.915967
2012.513535 -70.390278 -70.687035 0.915967
2012.532713 -70.492463 -70.666028 0.915967
2012.551891 -70.649827 -70.645126 0.915967
2012.571069 -70.865033 -70.624291 0.915967
2012.590247 -71.128590 -70.603484 0.915967
2012.609425 -71.421102 -70.582669 0.915967
2012.628603 -71.717516 -70.561811 0.915967
2012.647781 -71.992388 -70.540876 0.915967
2012.666959 -72.224972 -70.519832 0.915967
2012.686137 -72.403015 -70.498648 0.915967
2012.705315 -72.524412 -70.477297 0.915967
2012.724494 -72.596429 -70.455753 0.915967
2012.743672 -72.632736 -70.433993 0.915967
2012.762850 -72.648975 -70.411997 0.915967
2012.782028 -72.657976 -70.389745 0.915967
2012.801206 -72.665752 -70.367224 0.915967
2012.820384 -72.669247 -70.344423 0.915967
2012.839562 -72.656405 -70.321331 0.915967
2012.858740 -72.608565 -70.297945 0.915967
2012.877918 -72.504676 -70.274263 0.915967
2012.897096 -72.326364 -70.250287 0.915967
2012.916274 -72.062722 -70.226021 0.915967
2012.935452 -71.713697 -70.201474 0.915967
2012.954631 -71.291306 -70.176661 0.915967
2012.973809 -70.818353 -70.151597 0.915967
2012.992987 -70.324921 -70.126303 0.915967
2013.012165 -69.843375 -70.100803 0.915967
2013.031343 -69.402958 -70.075124 0.915967
2013.050521 -69.025154 -70.049296 0.915967
2013.069699 -68.720786 -70.023354 0.915967
2013.088877 -68.489449 -69.997336 0.915967
2013.108055 -68.321317 -69.971281 0.915967
2013.127233 -68.200845 -69.945234 0.915967
2013.146411 -68.111458 -69.919242 0.915967
2013.165589 -68.040107 -69.893354 0.915967
2013.184768 -67.980621 -69.867621 0.915967
2013.203946 -67.935079 -69.842098 0.915967
2013.223124 -67.912915 -69.816841 0.915967
2013.242302 -67.927975 -69.791907 0.915967
2013.261480 -67.994276 -69.767357 0.915967
2013.280658 -68.121498 -69.743251 0.915967
2013.299836 -68.311332 -69.719651 0.915967
2013.319014 -68.555597 -69.696619 0.915967
2013.338192 -68.836656 -69.674219 0.915967
2013.357370 -69.130112 -69.652513 0.915967
2013.376548 -69.409227 -69.631564 0.915967
2013.395726 -69.650089 -69.611434 0.915967
2013.414905 -69.836386 -69.592185 0.915967
2013.434083 -69.962654 -69.573876 0.915967
2013.453261 -70.035253 -69.556567 0.915967
2013.472439 -70.070781 -69.540313 0.915967
2013.491617 -70.092228 -69.525170 0.915967
2013.510795 -70.123690 -69.511189 0.915967
2013.529973 -70.184782 -69.498419 0.915967
2013.549151 -70.285988 -69.486906 0.915967
2013.568329 -70.425984 -69.476693 0.915967
2013.587507 -70.591536 -69.467819 0.915967
2013.606685 -70.760040 -69.460319 0.915967
2013.625863 -70.904145 -69.454224 0.915967
2013.645042 -70.997486 -69.449559 0.915967
2013.664220 -71.020280 -69.446347 0.915967
2013.683398 -70.963565 -69.444603 0.915967
2013.702576 -70.831184 -69.444340 0.915967
2013.721754 -70.639094 -69.445563 0.915967
2013.740932 -70.412152 -69.448273 0.915967
2013.760110 -70.179120 -69.452464 0.915967
2013.779288 -69.966957 -69.458128 0.915967
2013.798466 -69.795649 -69.465248 0.915967
2013.817644 -69.674659 -69.473801 0.915967
2013.836822 -69.601733 -69.483762 0.915967
2013.856000 -69.564226 -69.495096 0.915967
2013.875178 -69.542604 -69.507763 0.915967
2013.894357 -69.515248 -69.521720 0.915967
2013.913535 -69.463471 -69.536916 0.915967
2013.932713 -69.375609 -69.553294 0.915967
2013.951891 -69.249311 -69.570795 0.915967
2013.971069 -69.091574 -69.589352 0.915967
2013.990247 -68.916615 -69.608893 0.915967
2014.009425 -68.742168 -69.629343 0.915967
2014.028603 -68.585144 -69.650621 0.915967
2014.047781 -68.457723 -69.672643 0.915967
2014.066959 -68.364824 -69.695321 0.915967
2014.086137 -68.303547 -69.718562 0.915967
2014.105315 -68.264688 -69.742272 0.915967
2014.124494 -68.235935 -69.766352 0.915967
2014.143672 -68.205912 -69.790703 0.915967
2014.162850 -68.168047 -69.815221 0.915967
2014.182028 -68.123256 -69.839803 0.915967
2014.201206 -68.080711 -69.864343 0.915967
2014.220384 -68.056420 -69.888735 0.915967
2014.239562 -68.069865 -69.912874 0.915967
2014.258740 -68.139434 -69.936651 0.915967
2014.277918 -68.277695 -69.959963 0.915967
2014.297096 -68.487640 -69.982703 0.915967
2014.316274 -68.760846 -70.004769 0.915967
2014.335452 -69.078077 -70.026061 0.915967
2014.354631 -69.412331 -70.046478 0.915967
2014.373809 -69.733751 -70.065926 0.915967
2014.392987 -70.015403 -70.084312 0.915967
2014.412165 -70.238680 -70.101547 0.915967
2014.431343 -70.397149 -70.117548 0.915967
2014.450521 -70.497956 -70.132234 0.915967
2014.469699 -70.560442 -70.145532 0.915967
2014.488877 -70.612180 -70.157374 0.915967
2014.508055 -70.683249 -70.167695 0.915967
2014.527233 -70.799902 -70.176438 0.915967
2014.546411 -70.978961 -70.183553 0.915967
2014.565589 -71.224083 -70.188997 0.915967
2014.584768 -71.524683 -70.192731 0.915967
2014.603946 -71.857700 -70.194728 0.915967
2014.623124 -72.191808 -70.194966 0.915967
2014.642302 -72.493152 -70.193429 0.915967
2014.661480 -72.731400 -70.190113 0.915967
2014.680658 -72.884844 -70.185019 0.915967
2014.699836 -72.943534 -70.178155 0.915967
2014.719014 -72.909883 -70.169540 0.915967
2014.738192 -72.796745 -70.159199 0.915967
2014.757370 -72.623520 -70.147166 0.915967
2014.776548 -72.411274 -70.133482 0.915967
2014.795726 -72.178014 -70.118197 0.915967
2014.814905 -71.935210 -70.101369 0.915967
2014.834083 -71.686305 -70.083063 0.915967
2014.853261 -71.427488 -70.063351 0.915967
2014.872439 -71.150430 -70.042311 0.915967
2014.891617 -70.846255 -70.020031 0.915967
2014.910795 -70.509703 -69.996603 0.915967
2014.929973 -70.142419 -69.972125 0.915967
2014.949151 -69.754522 -69.946703 0.915967
2014.968329 -69.364013 -69.920447 0.915967
2014.987507 -68.994108 -69.893471 0.915967
2015.006685 -68.669083 -69.865896 0.915967
2015.025863 -68.409578 -69.837846 0.915967
2015.045042 -68.228454 -69.809447 0.915967
2015.064220 -68.128173 -69.780832 0.915967
2015.083398 -68.100349 -69.752132 0.915967
2015.102576 -68.127596 -69.723485 0.915967
2015.121754 -68.187287 -69.695026 0.915967
2015.140932 -68.256387 -69.666892 0.915967
2015.160110 -68.316271 -69.639223 0.915967
2015.179288 -68.356421 -69.612156 0.915967
2015.198466 -68.376168 -69.585828 0.915967
2015.217644 -68.384076 -69.560375 0.915967
2015.236822 -68.395115 -69.535931 0.915967
2015.256000 -68.426277 -69.512627 0.915967
2015.275178 -68.491679 -69.490592 0.915967
2015.294357 -68.598288 -69.469950 0.915967
2015.313535 -68.743324 -69.450822 0.915967
2015.332713 -68.913980 -69.433323 0.915967
2015.351891 -69.089596 -69.417566 0.915967
2015.371069 -69.245845 -69.403654 0.915967
2015.390247 -69.360033 -69.391687 0.915967
2015.409425 -69.416327 -69.381757 0.915967
2015.428603 -69.409716 -69.373950 0.915967
2015.447781 -69.347788 -69.368345 0.915967
2015.466959 -69.249842 -69.365011 0.915967
2015.486137 -69.143484 -69.364011 0.915967
2015.505315 -69.059366 -69.365400 0.915967
2015.524494 -69.025172 -69.369223 0.915967
2015.543672 -69.060117 -69.375517 0.915967
2015.562850 -69.171125 -69.384310 0.915967
2015.582028 -69.351477 -69.395622 0.915967
2015.601206 -69.582219 -69.409462 0.915967
2015.620384 -69.835975 -69.425830 0.915967
2015.639562 -70.082346 -69.444719 0.915967
2015.658740 -70.293716 -69.466109 0.915967
2015.677918 -70.450217 -69.489975 0.915967
2015.697096 -70.542845 -69.516279 0.915967
2015.716274 -70.574100 -69.544977 0.915967
2015.735452 -70.556129 -69.576014 0.915967
2015.754631 -70.506884 -69.609328 0.915967
2015.773809 -70.445236 -69.644848 0.915967
2015.792987 -70.386213 -69.682495 0.915967
2015.812165 -70.337463 -69.722182 0.915967
2015.831343 -70.297742 -69.763815 0.915967
2015.850521 -70.257738 -69.807292 0.915967
2015.869699 -70.202999 -69.852506 0.915967
2015.888877 -70.118233 -69.899342 0.915967
2015.908055 -69.991946 -69.947680 0.915967
2015.927233 -69.820293 -69.997396 0.915967
2015.946411 -69.609227 -70.048358 0.915967
2015.965589 -69.374404 -70.100433 0.915967
2015.984768 -69.138844 -70.153484 0.915967
2016.003946 -68.928860 -70.207368 0.915967
2016.023124 -68.769171 -70.261942 0.915967
2016.042302 -68.678301 -70.317060 0.915967
2016.061480 -68.665295 -70.372575 0.915967
2016.080658 -68.728473 -70.428339 0.915967
2016.099836 -68.856493 -70.484203 0.915967
2016.119014 -69.031417 -70.540020 0.915967
2016.138192 -69.233056 -70.595641 0.915967
2016.157370 -69.443545 -70.650923 0.915967
2016.176548 -69.651070 -70.705720 0.915967
2016.195726 -69.851867 -70.759893 0.915967
2016.214905 -70.050037 -70.813302 0.915967
2016.234083 -70.255230 -70.865816 0.915967
2016.253261 -70.478781 -70.917302 0.915967
2016.272439 -70.729258 -70.967638 0.915967
2016.291617 -71.008543 -71.016701 0.915967
2016.310795 -71.309464 -71.064378 0.915967
2016.329973 -71.615667 -71.110561 0.915967
2016.349151 -71.903866 -71.155147 0.915967
2016.368329 -72.148112 -71.198042 0.915967
2016.387507 -72.325162 -71.239158 0.915967
2016.406685 -72.419805 -71.278414 0.915967
2016.425863 -72.428913 -71.315739 0.915967
2016.445042 -72.363251 -71.351067 0.915967
2016.464220 -72.246547 -71.384342 0.915967
2016.483398 -72.111878 -71.415516 0.915967
2016.502576 -71.996044 -71.444549 0.915967
2016.521754 -71.933021 -71.471412 0.915967
2016.540932 -71.947803 -71.496081 0.915967
2016.560110 -72.051888 -71.518543 0.915967
2016.579288 -72.241298 -71.538793 0.915967
2016.598466 -72.497513 -71.556836 0.915967
2016.617644 -72.791093 -71.572682 0.915967
2016.636822 -73.087188 -71.586354 0.915967
2016.656000 -73.351778 -71.597880 0.915967
2016.675178 -73.557359 -71.607298 0.915967
2016.694357 -73.686949 -71.614652 0.915967
2016.713535 -73.735690 -71.619995 0.915967
2016.732713 -73.709853 -71.623388 0.915967
2016.751891 -73.623661 -71.624898 0.915967
2016.771069 -73.494764 -71.624599 0.915967
2016.790247 -73.339496 -71.622571 0.915967
2016.809425 -73.169042 -71.618902 0.915967
2016.828603 -72.987354 -71.613682 0.915967
2016.847781 -72.791248 -71.607009 0.915967
2016.866959 -72.572555 -71.598986 0.915967
2016.886137 -72.321721 -71.589718 0.915967
2016.905315 -72.031876 -71.579316 0.915967
2016.924494 -71.702346 -71.567893 0.915967
2016.943672 -71.340654 -71.555566 0.915967
2016.962850 -70.962482 -71.542454 0.915967
2016.982028 -70.589530 -71.528677 0.915967
2017.001206 -70.245725 -71.514357 0.915967
2017.020384 -69.952657 -71.499618 0.915967
2017.039562 -69.725296 -71.484582 0.915967
2017.058740 -69.569016 -71.469372 0.915967
2017.077918 -69.478664 -71.454112 0.915967
2017.097096 -69.439927 -71.438923 0.915967
2017.116274 -69.432739 -71.423925 0.915967
2017.135452 -69.435984 -71.409235 0.915967
2017.154631 -69.432427 -71.394969 0.915967
2017.173809 -69.412748 -71.381241 0.915967
2017.192987 -69.377740 -71.368158 0.915967
2017.212165 -69.338135 -71.355826 0.915967
2017.231343 -69.312063 -71.344348 0.915967
2017.250521 -69.320695 -71.333819 0.915967
2017.269699 -69.383031 -71.324332 0.915967
2017.288877 -69.511034 -71.315974 0.915967
2017.308055 -69.706202 -71.308828 0.915967
2017.327233 -69.958419 -71.302968 0.915967
2017.346411 -70.247367 -71.298465 0.915967
2017.365589 -70.546246 -71.295384 0.915967
2017.384768 -70.827012 -71.293783 0.915967
2017.403946 -71.065994 -71.293712 0.915967
2017.423124 -71.248658 -71.295218 0.915967
2017.442302 -71.372462 -71.298338 0.915967
2017.461480 -71.447168 -71.303105 0.915967
2017.480658 -71.492527 -71.309543 0.915967
2017.499836 -71.533835 -71.317672 0.915967
2017.519014 -71.596335 -71.327503 0.915967
2017.538192 -71.699680 -71.339042 0.915967
2017.557370 -71.853667 -71.352286 0.915967
2017.576548 -72.056157 -71.367230 0.915967
2017.595726 -72.293619 -71.383858 0.915967
2017.614905 -72.544131 -71.402150 0.915967
2017.634083 -72.782165 -71.422082 0.915967
2017.653261 -72.984055 -71.443620 0.915967
2017.672439 -73.132934 -71.466727 0.915967
2017.691617 -73.222049 -71.491362 0.915967
2017.710795 -73.255738 -71.517476 0.915967
2017.729973 -73.247888 -71.545017 0.915967
2017.749151 -73.218265 -71.573929 0.915967
2017.768329 -73.187567 -71.604149 0.915967
2017.787507 -73.172361 -71.635615 0.915967
2017.806685 -73.181033 -71.668257 0.915967
2017.825863 -73.211683 -71.702004 0.915967
2017.845042 -73.252422 -71.736781 0.915967
2017.864220 -73.283976 -71.772513 0.915967
2017.883398 -73.283995 -71.809120 0.915967
2017.902576 -73.232079 -71.846522 0.915967
2017.921754 -73.114372 -71.884637 0.915967
2017.940932 -72.926712 -71.923382 0.915967
2017.960110 -72.675641 -71.962674 0.915967
2017.979288 -72.377096 -72.002428 0.915967
2017.998466 -72.053144 -72.042562 0.915967
2018.017644 -71.727528 -72.082991 0.915967
2018.036822 -71.421115 -72.123633 0.915967
2018.056000 -71.148274 -72.164406 0.915967
2018.075178 -70.915034 -72.205231 0.915967
2018.094357 -70.719392 -72.246028 0.915967
2018.113535 -70.553654 -72.286722 0.915967
2018.132713 -70.408183 -72.327238 0.915967
2018.151891 -70.275577 -72.367504 0.915967
2018.171069 -70.154226 -72.407451 0.915967
2018.190247 -70.050280 -72.447014 0.915967
2018.209425 -69.977490 -72.486129 0.915967
2018.228603 -69.954843 -72.524738 0.915967
2018.247781 -70.002476 -72.562784 0.915967
2018.266959 -70.136771 -72.600215 0.915967
2018.286137 -70.365778 -72.636984 0.915967
2018.305315 -70.686042 -72.673046 0.915967
2018.324494 -71.081694 -72.708360 0.915967
2018.343672 -71.526094 -72.742892 0.915967
2018.362850 -71.985830 -72.776608 0.915967
2018.382028 -72.426271 -72.809482 0.915967
2018.401206 -72.817570 -72.841490 0.915967
2018.420384 -73.139823 -72.872614 0.915967
2018.439562 -73.386318 -72.902838 0.915967
2018.458740 -73.564139 -72.932151 0.915967
2018.477918 -73.691995 -72.960548 0.915967
2018.497096 -73.795736 -72.988027 0.915967
2018.516274 -73.902485 -73.014588 0.915967
2018.535452 -74.034656 -73.040238 0.915967
2018.554631 -74.205111 -73.064985 0.915967
2018.573809 -74.414467 -73.088842 0.915967
2018.592987 -74.651100 -73.111827 0.915967
2018.612165 -74.893789 -73.133958 0.915967
2018.631343 -75.116376 -73.155258 0.915967
2018.650521 -75.293401 -73.175752 0.915967
2018.669699 -75.405452 -73.195469 0.915967
2018.688877 -75.443089 -73.214439 0.915967
2018.708055 -75.408509 -73.232696 0.915967
2018.727233 -75.314654 -73.250275 0.915967
2018.746411 -75.182022 -73.267213 0.915967
2018.765589 -75.033967 -73.283549 0.915967
2018.784768 -74.891569 -73.299322 0.915967
2018.803946 -74.769233 -73.314575 0.915967
2018.823124 -74.672003 -73.329349 0.915967
2018.842302 -74.595113 -73.343687 0.915967
2018.861480 -74.525836 -73.357633 0.915967
2018.880658 -74.447107 -73.371230 0.915967
2018.899836 -74.342033 -73.384521 0.915967
2018.919014 -74.198195 -73.397551 0.915967
2018.938192 -74.010746 -73.410362 0.915967
2018.957370 -73.783577 -73.422997 0.915967
2018.976548 -73.528333 -73.435497 0.915967
2018.995726 -73.261540 -73.447902 0.915967
2019.014905 -73.000611 -73.460254 0.915967
2019.034083 -72.759695 -73.472588 0.915967
2019.053261 -72.546444 -73.484942 0.915967
2019.072439 -72.360492 -73.497351 0.915967
2019.091617 -72.194072 -73.509848 0.915967
2019.110795 -72.034638 -73.522463 0.915967
2019.129973 -71.868904 -73.535226 0.915967
2019.149151 -71.687313 -73.548163 0.915967
2019.168329 -71.487849 -73.561299 0.915967
2019.187507 -71.278194 -73.574656 0.915967
2019.206685 -71.075626 -73.588254 0.915967
2019.225863 -70.904540 -73.602112 0.915967
2019.245042 -70.792038 -73.616243 0.915967
2019.264220 -70.762487 -73.630659 0.915967
2019.283398 -70.832245 -73.645372 0.915967
2019.302576 -71.005702 -73.660388 0.915967
2019.321754 -71.273592 -73.675713 0.915967
2019.340932 -71.614001 -73.691348 0.915967
2019.360110 -71.995953 -73.707294 0.915967
2019.379288 -72.384883 -73.723548 0.915967
2019.398466 -72.748864 -73.740106 0.915967
2019.417644 -73.064325 -73.756959 0.915967
2019.436822 -73.320056 -73.774100 0.915967
2019.456000 -73.518675 -73.791516 0.915967
2019.475178 -73.675276 -73.809194 0.915967
2019.494357 -73.813567 -73.827120 0.915967
2019.513535 -73.960350 -73.845277 0.915967
2019.532713 -74.139534 -73.863645 0.915967
2019.551891 -74.366946 -73.882206 0.915967
2019.571069 -74.647012 -73.900937 0.915967
2019.590247 -74.971958 -73.919816 0.915967
2019.609425 -75.323608 -73.938818 0.915967
2019.628603 -75.677287 -73.957921 0.915967
2019.647781 -76.006898 -73.977097 0.915967
2019.666959 -76.289998 -73.996321 0.915967
2019.686137 -76.511749 -74.015565 0.915967
2019.705315 -76.666893 -74.034803 0.915967
2019.724494 -76.759403 -74.054007 0.915967
2019.743672 -76.799988 -74.073150 0.915967
2019.762850 -76.802139 -74.092205 0.915967
2019.782028 -76.777736 -74.111145 0.915967
2019.801206 -76.733318 -74.129943 0.915967
2019.820384 -76.667947 -74.148573 0.915967
2019.839562 -76.573206 -74.167010 0.915967
2019.858740 -76.435366 -74.185228 0.915967
2019.877918 -76.239214 -74.203203 0.915967
2019.897096 -75.972635 -74.220912 0.915967
2019.916274 -75.630868 -74.238332 0.915967
2019.935452 -75.219374 -74.255443 0.915967
2019.954631 -74.754586 -74.272226 0.915967
2019.973809 -74.262295 -74.288663 0.915967
2019.997260 -73.694012 -74.306577 0.915967
