# x_interp smoothed_curve trend rsd2
2005.281495 -84.200651 -88.544018 2.335323
2005.300674 -83.851206 -88.481714 2.335323
2005.319852 -83.648511 -88.420533 2.335323
2005.339030 -83.588590 -88.360433 2.335323
2005.358208 -83.653885 -88.301371 2.335323
2005.377386 -83.818144 -88.243293 2.335323
2005.396564 -84.053370 -88.186152 2.335323
2005.415742 -84.337034 -88.129897 2.335323
2005.434920 -84.657707 -88.074475 2.335323
2005.454098 -85.017518 -88.019834 2.335323
2005.473276 -85.430602 -87.965920 2.335323
2005.492454 -85.917656 -87.912674 2.335323
2005.511632 -86.497729 -87.860042 2.335323
2005.530811 -87.179113 -87.807966 2.335323
2005.549989 -87.951594 -87.756389 2.335323
2005.569167 -88.782170 -87.705256 2.335323
2005.588345 -89.615657 -87.654525 2.335323
2005.607523 -90.380565 -87.604116 2.335323
2005.626701 -90.999642 -87.553995 2.335323
2005.645879 -91.402993 -87.504104 2.335323
2005.665057 -91.541450 -87.454394 2.335323
2005.684235 -91.397310 -87.404818 2.335323
2005.703413 -90.990112 -87.355331 2.335323
2005.722591 -90.375999 -87.305889 2.335323
2005.741769 -89.640443 -87.256444 2.335323
2005.760947 -88.885493 -87.206973 2.335323
2005.780126 -88.213681 -87.157437 2.335323
2005.799304 -87.711654 -87.107806 2.335323
2005.818482 -87.436460 -87.058052 2.335323
2005.837660 -87.407047 -87.008154 2.335323
2005.856838 -87.602446 -86.958093 2.335323
2005.876016 -87.966858 -86.907856 2.335323
2005.895194 -88.420471 -86.857433 2.335323
2005.914372 -88.873822 -86.806814 2.335323
2005.933550 -89.242912 -86.756009 2.335323
2005.952728 -89.462191 -86.705022 2.335323
2005.971906 -89.493226 -86.653853 2.335323
2005.991084 -89.327793 -86.602526 2.335323
2006.010263 -88.985226 -86.551057 2.335323
2006.029441 -88.505219 -86.499466 2.335323
2006.048619 -87.937967 -86.447791 2.335323
2006.067797 -87.333899 -86.396061 2.335323
2006.086975 -86.735277 -86.344316 2.335323
2006.106153 -86.171106 -86.292594 2.335323
2006.125331 -85.656091 -86.240954 2.335323
2006.144509 -85.193155 -86.189445 2.335323
2006.163687 -84.778463 -86.138116 2.335323
2006.182865 -84.407184 -86.087037 2.335323
2006.202043 -84.078232 -86.036270 2.335323
2006.221221 -83.796719 -85.985883 2.335323
2006.240400 -83.573453 -85.935947 2.335323
2006.259578 -83.421734 -85.886538 2.335323
2006.278756 -83.352480 -85.837734 2.335323
2006.297934 -83.369181 -85.789616 2.335323
2006.317112 -83.464307 -85.742264 2.335323
2006.336290 -83.618435 -85.695763 2.335323
2006.355468 -83.802658 -85.650200 2.335323
2006.374646 -83.983983 -85.605661 2.335323
2006.393824 -84.132595 -85.562236 2.335323
2006.413002 -84.229242 -85.520012 2.335323
2006.432180 -84.270852 -85.479078 2.335323
2006.451358 -84.272765 -85.439522 2.335323
2006.470537 -84.266667 -85.401440 2.335323
2006.489715 -84.294271 -85.364902 2.335323
2006.508893 -84.397931 -85.330003 2.335323
2006.528071 -84.609979 -85.296833 2.335323
2006.547249 -84.943200 -85.265462 2.335323
2006.566427 -85.384767 -85.235975 2.335323
2006.585605 -85.895164 -85.208446 2.335323
2006.604783 -86.412846 -85.182950 2.335323
2006.623961 -86.864016 -85.159552 2.335323
2006.643139 -87.175840 -85.138323 2.335323
2006.662317 -87.290550 -85.119331 2.335323
2006.681495 -87.177585 -85.102621 2.335323
2006.700674 -86.841304 -85.088244 2.335323
2006.719852 -86.322443 -85.076258 2.335323
2006.739030 -85.692826 -85.066700 2.335323
2006.758208 -85.044223 -85.059611 2.335323
2006.777386 -84.473296 -85.055022 2.335323
2006.796564 -84.065489 -85.052957 2.335323
2006.815742 -83.880868 -85.053432 2.335323
2006.834920 -83.944566 -85.056464 2.335323
2006.854098 -84.243504 -85.062062 2.335323
2006.873276 -84.729881 -85.070238 2.335323
2006.892454 -85.330498 -85.080977 2.335323
2006.911632 -85.960037 -85.094267 2.335323
2006.930811 -86.535522 -85.110097 2.335323
2006.949989 -86.989240 -85.128447 2.335323
2006.969167 -87.277798 -85.149286 2.335323
2006.988345 -87.385939 -85.172581 2.335323
2007.007523 -87.324846 -85.198291 2.335323
2007.026701 -87.125867 -85.226372 2.335323
2007.045879 -86.831409 -85.256773 2.335323
2007.065057 -86.485247 -85.289435 2.335323
2007.084235 -86.124384 -85.324303 2.335323
2007.103413 -85.774013 -85.361308 2.335323
2007.122591 -85.446354 -85.400381 2.335323
2007.141769 -85.143044 -85.441447 2.335323
2007.160947 -84.859998 -85.484427 2.335323
2007.180126 -84.593070 -85.529241 2.335323
2007.199304 -84.342799 -85.575802 2.335323
2007.218482 -84.116848 -85.624023 2.335323
2007.237660 -83.929473 -85.673814 2.335323
2007.256838 -83.798196 -85.725080 2.335323
2007.276016 -83.738653 -85.777728 2.335323
2007.295194 -83.759158 -85.831662 2.335323
2007.314372 -83.856617 -85.886783 2.335323
2007.333550 -84.015151 -85.942995 2.335323
2007.352728 -84.208127 -86.000198 2.335323
2007.371906 -84.403375 -86.058295 2.335323
2007.391084 -84.570547 -86.117188 2.335323
2007.410263 -84.688905 -86.176781 2.335323
2007.429441 -84.753572 -86.236977 2.335323
2007.448619 -84.778536 -86.297682 2.335323
2007.467797 -84.795334 -86.358807 2.335323
2007.486975 -84.847300 -86.420256 2.335323
2007.506153 -84.980394 -86.481945 2.335323
2007.525331 -85.232354 -86.543791 2.335323
2007.544509 -85.622594 -86.605712 2.335323
2007.563687 -86.145158 -86.667632 2.335323
2007.582865 -86.766559 -86.729481 2.335323
2007.602043 -87.429325 -86.791189 2.335323
2007.621221 -88.060914 -86.852683 2.335323
2007.640400 -88.586487 -86.913907 2.335323
2007.659578 -88.943042 -86.974806 2.335323
2007.678756 -89.092149 -87.035329 2.335323
2007.697934 -89.028608 -87.095431 2.335323
2007.717112 -88.783136 -87.155070 2.335323
2007.736290 -88.418362 -87.214212 2.335323
2007.755468 -88.018719 -87.272828 2.335323
2007.774646 -87.676087 -87.330891 2.335323
2007.793824 -87.473869 -87.388384 2.335323
2007.813002 -87.472535 -87.445293 2.335323
2007.832180 -87.699329 -87.501609 2.335323
2007.851358 -88.144027 -87.557331 2.335323
2007.870537 -88.761386 -87.612460 2.335323
2007.889715 -89.479617 -87.667005 2.335323
2007.908893 -90.213063 -87.720978 2.335323
2007.928071 -90.876500 -87.774397 2.335323
2007.947249 -91.398306 -87.827285 2.335323
2007.966427 -91.730092 -87.879668 2.335323
2007.985605 -91.851293 -87.931579 2.335323
2008.004783 -91.768286 -87.983054 2.335323
2008.023961 -91.508811 -88.034133 2.335323
2008.043139 -91.113344 -88.084858 2.335323
2008.062317 -90.625613 -88.135278 2.335323
2008.081495 -90.084395 -88.185442 2.335323
2008.100674 -89.518264 -88.235405 2.335323
2008.119852 -88.944113 -88.285222 2.335323
2008.139030 -88.369272 -88.334948 2.335323
2008.158208 -87.796211 -88.384651 2.335323
2008.177386 -87.228149 -88.434390 2.335323
2008.196564 -86.673878 -88.484228 2.335323
2008.215742 -86.150286 -88.534226 2.335323
2008.234920 -85.681839 -88.584454 2.335323
2008.254098 -85.297049 -88.634983 2.335323
2008.273276 -85.022854 -88.685870 2.335323
2008.292454 -84.878478 -88.737191 2.335323
2008.311632 -84.870348 -88.789003 2.335323
2008.330811 -84.989700 -88.841376 2.335323
2008.349989 -85.213599 -88.894373 2.335323
2008.368156 -85.493579 -88.944130 2.335323
