# x_interp smoothed_curve trend rsd2
2005.201142 -84.102681 -83.321494 2.348162
2005.220320 -84.285496 -83.289271 2.348162
2005.239498 -84.273183 -83.258546 2.348162
2005.258676 -84.049328 -83.229257 2.348162
2005.277854 -83.628584 -83.201346 2.348162
2005.297032 -83.049656 -83.174756 2.348162
2005.316210 -82.364749 -83.149426 2.348162
2005.335388 -81.628254 -83.125294 2.348162
2005.354566 -80.887397 -83.102295 2.348162
2005.373744 -80.176855 -83.080364 2.348162
2005.392922 -79.518207 -83.059434 2.348162
2005.412100 -78.923725 -83.039434 2.348162
2005.431279 -78.402889 -83.020295 2.348162
2005.450457 -77.969279 -83.001945 2.348162
2005.469635 -77.645445 -82.984314 2.348162
2005.488813 -77.463878 -82.967329 2.348162
2005.507991 -77.463312 -82.950918 2.348162
2005.527169 -77.680873 -82.935007 2.348162
2005.546347 -78.141787 -82.919525 2.348162
2005.565525 -78.849242 -82.904398 2.348162
2005.584703 -79.777146 -82.889556 2.348162
2005.603881 -80.868110 -82.874928 2.348162
2005.623059 -82.037855 -82.860443 2.348162
2005.642237 -83.185852 -82.846033 2.348162
2005.661416 -84.210470 -82.831631 2.348162
2005.680594 -85.025793 -82.817170 2.348162
2005.699772 -85.576645 -82.802588 2.348162
2005.718950 -85.848577 -82.787823 2.348162
2005.738128 -85.870455 -82.772816 2.348162
2005.757306 -85.708801 -82.757511 2.348162
2005.776484 -85.454728 -82.741844 2.348162
2005.795662 -85.205973 -82.725778 2.348162
2005.814840 -85.047477 -82.709259 2.348162
2005.834018 -85.034603 -82.692240 2.348162
2005.853196 -85.182351 -82.674682 2.348162
2005.872374 -85.462860 -82.656545 2.348162
2005.891553 -85.811762 -82.637797 2.348162
2005.910731 -86.142080 -82.618409 2.348162
2005.929909 -86.362769 -82.598350 2.348162
2005.949087 -86.398116 -82.577595 2.348162
2005.968265 -86.203931 -82.556136 2.348162
2005.987443 -85.777191 -82.533952 2.348162
2006.006621 -85.157269 -82.511035 2.348162
2006.025799 -84.418520 -82.487381 2.348162
2006.044977 -83.655906 -82.462988 2.348162
2006.064155 -82.966693 -82.437861 2.348162
2006.083333 -82.432057 -82.412007 2.348162
2006.102511 -82.102325 -82.385439 2.348162
2006.121689 -81.988740 -82.358175 2.348162
2006.140868 -82.063176 -82.330236 2.348162
2006.160046 -82.265528 -82.301648 2.348162
2006.179224 -82.516896 -82.272443 2.348162
2006.198402 -82.735564 -82.242645 2.348162
2006.217580 -82.852363 -82.212310 2.348162
2006.236758 -82.822202 -82.181474 2.348162
2006.255936 -82.629800 -82.150183 2.348162
2006.275114 -82.288809 -82.118485 2.348162
2006.294292 -81.835184 -82.086437 2.348162
2006.313470 -81.316831 -82.054100 2.348162
2006.332648 -80.782266 -82.021523 2.348162
2006.351826 -80.271153 -81.988784 2.348162
2006.371005 -79.808694 -81.955943 2.348162
2006.390183 -79.405037 -81.923070 2.348162
2006.409361 -79.059279 -81.890236 2.348162
2006.428539 -78.766550 -81.857516 2.348162
2006.447717 -78.525856 -81.824986 2.348162
2006.466895 -78.346170 -81.792723 2.348162
2006.486073 -78.248754 -81.760807 2.348162
2006.505251 -78.264694 -81.729319 2.348162
2006.524429 -78.427936 -81.698339 2.348162
2006.543607 -78.765383 -81.667949 2.348162
2006.562785 -79.286511 -81.638230 2.348162
2006.581963 -79.975301 -81.609265 2.348162
2006.601142 -80.786916 -81.581134 2.348162
2006.620320 -81.650576 -81.553921 2.348162
2006.639498 -82.478650 -81.527709 2.348162
2006.658676 -83.180547 -81.502568 2.348162
2006.677854 -83.678755 -81.478582 2.348162
2006.697032 -83.923625 -81.455826 2.348162
2006.716210 -83.903671 -81.434375 2.348162
2006.735388 -83.648891 -81.414302 2.348162
2006.754566 -83.226049 -81.395675 2.348162
2006.773744 -82.726540 -81.378563 2.348162
2006.792922 -82.249080 -81.363023 2.348162
2006.812100 -81.880667 -81.349119 2.348162
2006.831279 -81.679688 -81.336907 2.348162
2006.850457 -81.664715 -81.326441 2.348162
2006.869635 -81.811404 -81.317770 2.348162
2006.888813 -82.058245 -81.310938 2.348162
2006.907991 -82.320036 -81.305986 2.348162
2006.927169 -82.506368 -81.302952 2.348162
2006.946347 -82.541295 -81.301866 2.348162
2006.965525 -82.380133 -81.302755 2.348162
2006.984703 -82.019895 -81.305640 2.348162
2007.003881 -81.501217 -81.310537 2.348162
2007.023059 -80.901380 -81.317461 2.348162
2007.042237 -80.319890 -81.326414 2.348162
2007.061416 -79.859594 -81.337399 2.348162
2007.080594 -79.607169 -81.350411 2.348162
2007.099772 -79.616872 -81.365442 2.348162
2007.118950 -79.900701 -81.382475 2.348162
2007.138128 -80.426695 -81.401491 2.348162
2007.157306 -81.125395 -81.422464 2.348162
2007.176484 -81.902815 -81.445363 2.348162
2007.195662 -82.657053 -81.470151 2.348162
2007.214840 -83.295049 -81.496786 2.348162
2007.234018 -83.746237 -81.525223 2.348162
2007.253196 -83.970678 -81.555408 2.348162
2007.272374 -83.960647 -81.587286 2.348162
2007.291553 -83.736153 -81.620795 2.348162
2007.310731 -83.336142 -81.655869 2.348162
2007.329909 -82.807973 -81.692437 2.348162
2007.349087 -82.197894 -81.730423 2.348162
2007.368265 -81.544713 -81.769750 2.348162
2007.387443 -80.877854 -81.810334 2.348162
2007.406621 -80.219684 -81.852087 2.348162
2007.425799 -79.590793 -81.894920 2.348162
2007.444977 -79.016104 -81.938738 2.348162
2007.464155 -78.529419 -81.983445 2.348162
2007.483333 -78.174444 -82.028942 2.348162
2007.502511 -78.001258 -82.075125 2.348162
2007.521689 -78.058467 -82.121890 2.348162
2007.540868 -78.382566 -82.169131 2.348162
2007.560046 -78.986937 -82.216738 2.348162
2007.579224 -79.853336 -82.264602 2.348162
2007.598402 -80.928363 -82.312611 2.348162
2007.617580 -82.126483 -82.360652 2.348162
2007.636758 -83.339761 -82.408612 2.348162
2007.655936 -84.452950 -82.456377 2.348162
2007.675114 -85.361248 -82.503835 2.348162
2007.694292 -85.987283 -82.550871 2.348162
2007.713470 -86.293852 -82.597371 2.348162
2007.732648 -86.289652 -82.643221 2.348162
2007.751826 -86.026614 -82.688309 2.348162
2007.771005 -85.589172 -82.732524 2.348162
2007.790183 -85.077485 -82.775757 2.348162
2007.809361 -84.587943 -82.817898 2.348162
2007.828539 -84.194911 -82.858845 2.348162
2007.847717 -83.937414 -82.898492 2.348162
2007.866895 -83.813533 -82.936737 2.348162
2007.886073 -83.783585 -82.973480 2.348162
2007.905251 -83.781380 -83.008626 2.348162
2007.924429 -83.731108 -83.042080 2.348162
2007.943607 -83.566242 -83.073753 2.348162
2007.962785 -83.246397 -83.103556 2.348162
2007.981963 -82.768571 -83.131407 2.348162
2008.001142 -82.170352 -83.157226 2.348162
2008.020320 -81.524425 -83.180937 2.348162
2008.039498 -80.925513 -83.202467 2.348162
2008.058676 -80.472496 -83.221751 2.348162
2008.077854 -80.249380 -83.238719 2.348162
2008.097032 -80.309031 -83.253316 2.348162
2008.116210 -80.662865 -83.265485 2.348162
2008.135388 -81.278445 -83.275176 2.348162
2008.154566 -82.085215 -83.282343 2.348162
2008.173744 -82.986936 -83.286944 2.348162
2008.192922 -83.878085 -83.288945 2.348162
2008.212100 -84.660767 -83.288305 2.348162
2008.231279 -85.258882 -83.285004 2.348162
2008.250457 -85.626897 -83.279020 2.348162
2008.269635 -85.752124 -83.270331 2.348162
2008.288813 -85.650727 -83.258924 2.348162
2008.307991 -85.359099 -83.244790 2.348162
2008.327169 -84.923166 -83.227930 2.348162
2008.346347 -84.388312 -83.208337 2.348162
2008.365525 -83.792393 -83.186018 2.348162
2008.384703 -83.163059 -83.160984 2.348162
2008.403881 -82.519580 -83.133248 2.348162
2008.423059 -81.877973 -83.102830 2.348162
2008.442237 -81.257410 -83.069751 2.348162
2008.461416 -80.685496 -83.034039 2.348162
2008.480594 -80.200350 -82.995726 2.348162
2008.499772 -79.848257 -82.954844 2.348162
2008.518950 -79.676926 -82.911433 2.348162
2008.538128 -79.725629 -82.865536 2.348162
2008.557306 -80.014533 -82.817198 2.348162
2008.576484 -80.535959 -82.766470 2.348162
2008.595662 -81.250139 -82.713405 2.348162
2008.614840 -82.087143 -82.658061 2.348162
2008.634018 -82.955329 -82.600496 2.348162
2008.653196 -83.755155 -82.540771 2.348162
2008.672374 -84.395867 -82.478951 2.348162
2008.691553 -84.811721 -82.415108 2.348162
2008.710731 -84.974273 -82.349312 2.348162
2008.729909 -84.897948 -82.281634 2.348162
2008.749087 -84.637375 -82.212149 2.348162
2008.768265 -84.276680 -82.140935 2.348162
2008.787443 -83.912617 -82.068072 2.348162
2008.806621 -83.634849 -81.993642 2.348162
2008.825799 -83.507319 -81.917727 2.348162
2008.844977 -83.554590 -81.840410 2.348162
2008.864155 -83.756031 -81.761779 2.348162
2008.883333 -84.049181 -81.681920 2.348162
2008.902511 -84.341742 -81.600920 2.348162
2008.921689 -84.529849 -81.518875 2.348162
2008.940868 -84.518944 -81.435863 2.348162
2008.960046 -84.243142 -81.351980 2.348162
2008.979224 -83.679104 -81.267320 2.348162
2008.998402 -82.851737 -81.181970 2.348162
2009.017580 -81.830658 -81.096023 2.348162
2009.036758 -80.718220 -81.009571 2.348162
2009.055936 -79.631621 -80.922703 2.348162
2009.075114 -78.682730 -80.835509 2.348162
2009.094292 -77.959601 -80.748086 2.348162
2009.113470 -77.513165 -80.660521 2.348162
2009.132648 -77.351411 -80.572902 2.348162
2009.151826 -77.441718 -80.485322 2.348162
2009.171005 -77.720284 -80.397871 2.348162
2009.190183 -78.106246 -80.310634 2.348162
2009.209361 -78.517285 -80.223697 2.348162
2009.228539 -78.883382 -80.137145 2.348162
2009.247717 -79.156152 -80.051064 2.348162
2009.266895 -79.312312 -79.965535 2.348162
2009.286073 -79.351330 -79.880639 2.348162
2009.305251 -79.288637 -79.796457 2.348162
2009.324429 -79.146704 -79.713065 2.348162
2009.343607 -78.946628 -79.630541 2.348162
2009.362785 -78.702492 -79.548959 2.348162
2009.381963 -78.419886 -79.468390 2.348162
2009.401142 -78.098704 -79.388904 2.348162
2009.420320 -77.739135 -79.310571 2.348162
2009.439498 -77.348800 -79.233454 2.348162
2009.458676 -76.948626 -79.157618 2.348162
2009.477854 -76.575293 -79.083123 2.348162
2009.497032 -76.278919 -79.010024 2.348162
2009.516210 -76.115920 -78.938379 2.348162
2009.535388 -76.138253 -78.868248 2.348162
2009.554566 -76.381316 -78.799674 2.348162
2009.573744 -76.853455 -78.732706 2.348162
2009.590192 -77.390924 -78.669577 2.348162
