# x_interp smoothed_curve trend rsd2
2005.661060 -82.251267 -83.165117 1.792815
2005.680238 -82.686349 -83.179240 1.792815
2005.699416 -83.134368 -83.192695 1.792815
2005.718594 -83.593112 -83.205413 1.792815
2005.737772 -84.052314 -83.217324 1.792815
2005.756950 -84.493443 -83.228369 1.792815
2005.776128 -84.891767 -83.238493 1.792815
2005.795307 -85.220311 -83.247642 1.792815
2005.814485 -85.454830 -83.255773 1.792815
2005.833663 -85.578673 -83.262844 1.792815
2005.852841 -85.586471 -83.268818 1.792815
2005.872019 -85.485775 -83.273669 1.792815
2005.891197 -85.296269 -83.277376 1.792815
2005.910375 -85.046708 -83.279925 1.792815
2005.929553 -84.770228 -83.281309 1.792815
2005.948731 -84.499026 -83.281529 1.792815
2005.967909 -84.259550 -83.280595 1.792815
2005.987087 -84.069153 -83.278515 1.792815
2006.006265 -83.934898 -83.275321 1.792815
2006.025444 -83.854548 -83.271044 1.792815
2006.044622 -83.819456 -83.265723 1.792815
2006.063800 -83.818466 -83.259406 1.792815
2006.082978 -83.841823 -83.252146 1.792815
2006.102156 -83.884074 -83.244005 1.792815
2006.121334 -83.945216 -83.235053 1.792815
2006.140512 -84.029795 -83.225373 1.792815
2006.159690 -84.144160 -83.215046 1.792815
2006.178868 -84.292626 -83.204161 1.792815
2006.198046 -84.473530 -83.192821 1.792815
2006.217224 -84.676245 -83.181126 1.792815
2006.236402 -84.880125 -83.169187 1.792815
2006.255581 -85.055825 -83.157121 1.792815
2006.274759 -85.168948 -83.145044 1.792815
2006.293937 -85.185491 -83.133082 1.792815
2006.313115 -85.077968 -83.121365 1.792815
2006.332293 -84.831021 -83.110022 1.792815
2006.351471 -84.445305 -83.099191 1.792815
2006.370649 -83.938764 -83.089005 1.792815
2006.389827 -83.344935 -83.079607 1.792815
2006.409005 -82.708521 -83.071132 1.792815
2006.428183 -82.079045 -83.063717 1.792815
2006.447361 -81.503791 -83.057508 1.792815
2006.466539 -81.021316 -83.052638 1.792815
2006.485718 -80.656814 -83.049244 1.792815
2006.504896 -80.420067 -83.047461 1.792815
2006.524074 -80.306266 -83.047418 1.792815
2006.543252 -80.299335 -83.049244 1.792815
2006.562430 -80.376910 -83.053062 1.792815
2006.581608 -80.515790 -83.058990 1.792815
2006.600786 -80.696665 -83.067133 1.792815
2006.619964 -80.907148 -83.077605 1.792815
2006.639142 -81.142505 -83.090497 1.792815
2006.658320 -81.404188 -83.105904 1.792815
2006.677498 -81.696599 -83.123907 1.792815
2006.696676 -82.023099 -83.144584 1.792815
2006.715855 -82.382289 -83.167996 1.792815
2006.735033 -82.765644 -83.194194 1.792815
2006.754211 -83.157097 -83.223227 1.792815
2006.773389 -83.534799 -83.255126 1.792815
2006.792567 -83.874693 -83.289917 1.792815
2006.811745 -84.155091 -83.327609 1.792815
2006.830923 -84.361220 -83.368207 1.792815
2006.850101 -84.488611 -83.411698 1.792815
2006.869279 -84.544521 -83.458055 1.792815
2006.888457 -84.546995 -83.507245 1.792815
2006.907635 -84.521639 -83.559220 1.792815
2006.926813 -84.496811 -83.613925 1.792815
2006.945992 -84.498175 -83.671283 1.792815
2006.965170 -84.543835 -83.731209 1.792815
2006.984348 -84.641042 -83.793614 1.792815
2007.003526 -84.785140 -83.858389 1.792815
2007.022704 -84.960985 -83.925415 1.792815
2007.041882 -85.146436 -83.994567 1.792815
2007.061060 -85.317087 -84.065697 1.792815
2007.080238 -85.451221 -84.138666 1.792815
2007.099416 -85.533754 -84.213304 1.792815
2007.118594 -85.558464 -84.289447 1.792815
2007.137772 -85.527936 -84.366920 1.792815
2007.156950 -85.451401 -84.445538 1.792815
2007.176128 -85.341060 -84.525104 1.792815
2007.195307 -85.207878 -84.605423 1.792815
2007.214485 -85.057910 -84.686284 1.792815
2007.233663 -84.890214 -84.767484 1.792815
2007.252841 -84.696859 -84.848806 1.792815
2007.272019 -84.465216 -84.930030 1.792815
2007.291197 -84.182038 -85.010938 1.792815
2007.310375 -83.838411 -85.091312 1.792815
2007.329553 -83.434417 -85.170924 1.792815
2007.348731 -82.982388 -85.249553 1.792815
2007.367909 -82.507813 -85.326976 1.792815
2007.387087 -82.047527 -85.402975 1.792815
2007.406265 -81.645367 -85.477332 1.792815
2007.425444 -81.346025 -85.549832 1.792815
2007.444622 -81.188283 -85.620272 1.792815
2007.463800 -81.198891 -85.688448 1.792815
2007.482978 -81.388354 -85.754162 1.792815
2007.502156 -81.749428 -85.817225 1.792815
2007.521334 -82.258591 -85.877457 1.792815
2007.540512 -82.880177 -85.934687 1.792815
2007.559690 -83.572300 -85.988753 1.792815
2007.578868 -84.293357 -86.039505 1.792815
2007.598046 -85.007826 -86.086801 1.792815
2007.617224 -85.690282 -86.130515 1.792815
2007.636402 -86.326926 -86.170530 1.792815
2007.655581 -86.914574 -86.206743 1.792815
2007.674759 -87.457506 -86.239062 1.792815
2007.693937 -87.963130 -86.267419 1.792815
2007.713115 -88.437495 -86.291748 1.792815
2007.732293 -88.881843 -86.312004 1.792815
2007.751471 -89.290928 -86.328157 1.792815
2007.770649 -89.653460 -86.340189 1.792815
2007.789827 -89.954519 -86.348103 1.792815
2007.809005 -90.179226 -86.351908 1.792815
2007.828183 -90.316765 -86.351637 1.792815
2007.847361 -90.363672 -86.347335 1.792815
2007.866539 -90.325557 -86.339065 1.792815
2007.885718 -90.216773 -86.326899 1.792815
2007.904896 -90.058072 -86.310929 1.792815
2007.924074 -89.872738 -86.291259 1.792815
2007.943252 -89.682092 -86.268009 1.792815
2007.962430 -89.501414 -86.241307 1.792815
2007.981608 -89.337261 -86.211298 1.792815
2008.000786 -89.186780 -86.178144 1.792815
2008.019964 -89.039215 -86.142013 1.792815
2008.039142 -88.879252 -86.103085 1.792815
2008.058320 -88.691402 -86.061543 1.792815
2008.077498 -88.464392 -86.017599 1.792815
2008.096676 -88.194422 -85.971458 1.792815
2008.115855 -87.886548 -85.923337 1.792815
2008.135033 -87.553737 -85.873459 1.792815
2008.154211 -87.213768 -85.822056 1.792815
2008.173389 -86.884639 -85.769365 1.792815
2008.192567 -86.579546 -85.715625 1.792815
2008.211745 -86.302634 -85.661079 1.792815
2008.230923 -86.046586 -85.605971 1.792815
2008.250101 -85.792750 -85.550544 1.792815
2008.269279 -85.513987 -85.495049 1.792815
2008.288457 -85.179736 -85.439733 1.792815
2008.307635 -84.762411 -85.384839 1.792815
2008.326813 -84.243819 -85.330610 1.792815
2008.345992 -83.620269 -85.277283 1.792815
2008.365170 -82.905316 -85.225091 1.792815
2008.384348 -82.129480 -85.174254 1.792815
2008.403526 -81.336984 -85.124998 1.792815
2008.422704 -80.580020 -85.077534 1.792815
2008.441882 -79.911696 -85.032070 1.792815
2008.461060 -79.378934 -84.988800 1.792815
2008.480238 -79.016639 -84.947909 1.792815
2008.499416 -78.844136 -84.909571 1.792815
2008.518594 -78.864354 -84.873949 1.792815
2008.537772 -79.065682 -84.841195 1.792815
2008.556950 -79.425863 -84.811453 1.792815
2008.576128 -79.916876 -84.784839 1.792815
2008.595307 -80.509736 -84.761469 1.792815
2008.614485 -81.178082 -84.741449 1.792815
2008.633663 -81.899934 -84.724855 1.792815
2008.652841 -82.657474 -84.711759 1.792815
2008.672019 -83.435151 -84.702220 1.792815
2008.691197 -84.216884 -84.696273 1.792815
2008.710375 -84.983404 -84.693946 1.792815
2008.729553 -85.710631 -84.695257 1.792815
2008.748731 -86.369792 -84.700193 1.792815
2008.767909 -86.929575 -84.708738 1.792815
2008.787087 -87.359970 -84.720862 1.792815
2008.806265 -87.637098 -84.736516 1.792815
2008.825444 -87.747989 -84.755642 1.792815
2008.844622 -87.694176 -84.778167 1.792815
2008.863800 -87.493211 -84.804002 1.792815
2008.882978 -87.177604 -84.833049 1.792815
2008.902156 -86.791191 -84.865196 1.792815
2008.921334 -86.383525 -84.900319 1.792815
2008.940512 -86.003289 -84.938290 1.792815
2008.959690 -85.691915 -84.978961 1.792815
2008.978868 -85.478633 -85.022180 1.792815
2008.998046 -85.377754 -85.067786 1.792815
2009.017224 -85.388619 -85.115610 1.792815
2009.036402 -85.498019 -85.165476 1.792815
2009.055581 -85.684408 -85.217202 1.792815
2009.074759 -85.922882 -85.270600 1.792815
2009.093937 -86.189798 -85.325477 1.792815
2009.113115 -86.466031 -85.381637 1.792815
2009.132293 -86.738292 -85.438878 1.792815
2009.151471 -86.998388 -85.497002 1.792815
2009.170649 -87.240849 -85.555811 1.792815
2009.189827 -87.459739 -85.615098 1.792815
2009.209005 -87.645722 -85.674661 1.792815
2009.228183 -87.784321 -85.734300 1.792815
2009.247361 -87.856071 -85.793816 1.792815
2009.266539 -87.838774 -85.853010 1.792815
2009.285718 -87.711547 -85.911698 1.792815
2009.304896 -87.459791 -85.969693 1.792815
2009.324074 -87.080034 -86.026809 1.792815
2009.343252 -86.583454 -86.082869 1.792815
2009.362430 -85.997105 -86.137707 1.792815
2009.381608 -85.362335 -86.191154 1.792815
2009.400786 -84.730502 -86.243061 1.792815
2009.419964 -84.156550 -86.293277 1.792815
2009.439142 -83.691636 -86.341663 1.792815
2009.458320 -83.376097 -86.388093 1.792815
2009.477498 -83.234071 -86.432443 1.792815
2009.496676 -83.270768 -86.474600 1.792815
2009.515855 -83.472833 -86.514459 1.792815
2009.535033 -83.811675 -86.551938 1.792815
2009.554211 -84.248952 -86.586948 1.792815
2009.573389 -84.743183 -86.619419 1.792815
2009.592567 -85.256065 -86.649285 1.792815
2009.611745 -85.757373 -86.676497 1.792815
2009.630923 -86.227562 -86.701016 1.792815
2009.650101 -86.657801 -86.722799 1.792815
2009.669279 -87.047770 -86.741842 1.792815
2009.688457 -87.401825 -86.758121 1.792815
2009.707635 -87.724818 -86.771633 1.792815
2009.726813 -88.018502 -86.782384 1.792815
2009.745992 -88.279495 -86.790395 1.792815
2009.765170 -88.499229 -86.795685 1.792815
2009.784348 -88.665886 -86.798278 1.792815
2009.803526 -88.767744 -86.798223 1.792815
2009.822704 -88.796984 -86.795553 1.792815
2009.841882 -88.753045 -86.790336 1.792815
2009.861060 -88.644427 -86.782626 1.792815
2009.880238 -88.488521 -86.772485 1.792815
2009.899416 -88.309293 -86.759983 1.792815
2009.918594 -88.133249 -86.745195 1.792815
2009.937772 -87.984544 -86.728199 1.792815
2009.956950 -87.880295 -86.709076 1.792815
2009.976128 -87.827179 -86.687914 1.792815
2009.995307 -87.820077 -86.664793 1.792815
2010.014485 -87.843165 -86.639818 1.792815
2010.033663 -87.873148 -86.613072 1.792815
2010.052841 -87.884076 -86.584646 1.792815
2010.072019 -87.852615 -86.554640 1.792815
2010.091197 -87.762616 -86.523145 1.792815
2010.110375 -87.608033 -86.490250 1.792815
2010.129553 -87.393536 -86.456052 1.792815
2010.148731 -87.132693 -86.420638 1.792815
2010.167909 -86.844243 -86.384108 1.792815
2010.187087 -86.547248 -86.346545 1.792815
2010.206265 -86.256387 -86.308032 1.792815
2010.225444 -85.978436 -86.268654 1.792815
2010.244622 -85.710806 -86.228492 1.792815
2010.263800 -85.442533 -86.187626 1.792815
2010.282978 -85.157525 -86.146130 1.792815
2010.302156 -84.839355 -86.104075 1.792815
2010.321334 -84.476522 -86.061534 1.792815
2010.340512 -84.066946 -86.018570 1.792815
2010.359690 -83.620658 -85.975243 1.792815
2010.378868 -83.159971 -85.931612 1.792815
2010.398046 -82.717000 -85.887732 1.792815
2010.417224 -82.328972 -85.843655 1.792815
2010.436402 -82.032243 -85.799429 1.792815
2010.455581 -81.856249 -85.755093 1.792815
2010.474759 -81.818619 -85.710695 1.792815
2010.493937 -81.922417 -85.666273 1.792815
2010.513115 -82.156061 -85.621860 1.792815
2010.532293 -82.495855 -85.577490 1.792815
2010.551471 -82.910538 -85.533194 1.792815
2010.570649 -83.366807 -85.488998 1.792815
2010.589827 -83.834671 -85.444934 1.792815
2010.609005 -84.291449 -85.401023 1.792815
2010.628183 -84.723723 -85.357292 1.792815
2010.647361 -85.126890 -85.313755 1.792815
2010.666539 -85.502689 -85.270445 1.792815
2010.685718 -85.855338 -85.227378 1.792815
2010.704896 -86.187459 -85.184573 1.792815
2010.724074 -86.496797 -85.142052 1.792815
2010.743252 -86.774639 -85.099831 1.792815
2010.762430 -87.006404 -85.057942 1.792815
2010.781608 -87.174255 -85.016403 1.792815
2010.800786 -87.261253 -84.975239 1.792815
2010.819964 -87.255973 -84.934468 1.792815
2010.839142 -87.156539 -84.894121 1.792815
2010.858320 -86.972994 -84.854227 1.792815
2010.877498 -86.727371 -84.814815 1.792815
2010.896676 -86.451293 -84.775921 1.792815
2010.915855 -86.181460 -84.737569 1.792815
2010.935033 -85.953954 -84.699809 1.792815
2010.954211 -85.798385 -84.662670 1.792815
2010.973389 -85.733201 -84.626195 1.792815
2010.992567 -85.762985 -84.590429 1.792815
2011.011745 -85.878323 -84.555419 1.792815
2011.030923 -86.058176 -84.521211 1.792815
2011.050101 -86.274196 -84.487859 1.792815
2011.069279 -86.495979 -84.455409 1.792815
2011.088457 -86.696171 -84.423926 1.792815
2011.107635 -86.854241 -84.393462 1.792815
2011.126813 -86.958310 -84.364077 1.792815
2011.145992 -87.004684 -84.335831 1.792815
2011.165170 -86.995426 -84.308785 1.792815
2011.184348 -86.934716 -84.283003 1.792815
2011.203526 -86.825017 -84.258549 1.792815
2011.222704 -86.664145 -84.235488 1.792815
2011.241882 -86.444083 -84.213886 1.792815
2011.261060 -86.151949 -84.193806 1.792815
2011.280238 -85.773034 -84.175313 1.792815
2011.299416 -85.295232 -84.158470 1.792815
2011.318594 -84.713894 -84.143337 1.792815
2011.337772 -84.035910 -84.129981 1.792815
2011.356950 -83.281961 -84.118455 1.792815
2011.376128 -82.486295 -84.108824 1.792815
2011.395307 -81.693782 -84.101132 1.792815
2011.414485 -80.954774 -84.095434 1.792815
2011.433663 -80.318572 -84.091781 1.792815
2011.452841 -79.826780 -84.090213 1.792815
2011.472019 -79.507814 -84.090767 1.792815
2011.491197 -79.373590 -84.093484 1.792815
2011.510375 -79.418961 -84.098388 1.792815
2011.529553 -79.623975 -84.105506 1.792815
2011.548731 -79.958333 -84.114858 1.792815
2011.567909 -80.387088 -84.126456 1.792815
2011.587087 -80.876350 -84.140302 1.792815
2011.606265 -81.397863 -84.156408 1.792815
2011.625444 -81.931509 -84.174758 1.792815
2011.644622 -82.465521 -84.195340 1.792815
2011.663800 -82.994463 -84.218135 1.792815
2011.682978 -83.515752 -84.243119 1.792815
2011.702156 -84.025730 -84.270252 1.792815
2011.721334 -84.516402 -84.299495 1.792815
2011.740512 -84.973768 -84.330803 1.792815
2011.759690 -85.378254 -84.364114 1.792815
2011.778868 -85.707298 -84.399366 1.792815
2011.798046 -85.939507 -84.436481 1.792815
2011.817224 -86.059498 -84.475390 1.792815
2011.836402 -86.062217 -84.516005 1.792815
2011.855581 -85.955745 -84.558234 1.792815
2011.874759 -85.761790 -84.601976 1.792815
2011.893937 -85.513616 -84.647129 1.792815
2011.913115 -85.251688 -84.693580 1.792815
2011.932293 -85.017854 -84.741211 1.792815
2011.951471 -84.849168 -84.789900 1.792815
2011.970649 -84.772551 -84.839521 1.792815
2011.989827 -84.801314 -84.889941 1.792815
2012.009005 -84.934173 -84.941026 1.792815
2012.028183 -85.156799 -84.992633 1.792815
2012.047361 -85.445492 -85.044616 1.792815
2012.066539 -85.772048 -85.096834 1.792815
2012.085718 -86.108723 -85.149139 1.792815
2012.104896 -86.432225 -85.201377 1.792815
2012.124074 -86.725959 -85.253397 1.792815
2012.143252 -86.980165 -85.305047 1.792815
2012.162430 -87.190168 -85.356176 1.792815
2012.181608 -87.353381 -85.406628 1.792815
2012.200786 -87.466066 -85.456257 1.792815
2012.219964 -87.520820 -85.504915 1.792815
2012.239142 -87.505666 -85.552443 1.792815
2012.258320 -87.405219 -85.598717 1.792815
2012.277498 -87.203696 -85.643585 1.792815
2012.296676 -86.889347 -85.686905 1.792815
2012.315855 -86.459219 -85.728553 1.792815
2012.335033 -85.923063 -85.768399 1.792815
2012.354211 -85.305403 -85.806320 1.792815
2012.373389 -84.645003 -85.842198 1.792815
2012.392567 -83.991570 -85.875927 1.792815
2012.411745 -83.400072 -85.907397 1.792815
2012.430923 -82.923650 -85.936517 1.792815
2012.450101 -82.606339 -85.963202 1.792815
2012.469279 -82.476953 -85.987365 1.792815
2012.488457 -82.545324 -86.008936 1.792815
2012.507635 -82.801493 -86.027852 1.792815
2012.526813 -83.218018 -86.044057 1.792815
2012.545992 -83.754867 -86.057505 1.792815
2012.565170 -84.365878 -86.068158 1.792815
2012.584348 -85.005540 -86.075992 1.792815
2012.603526 -85.634754 -86.080986 1.792815
2012.622704 -86.224632 -86.083130 1.792815
2012.641882 -86.757750 -86.082426 1.792815
2012.661060 -87.226912 -86.078882 1.792815
2012.680238 -87.632008 -86.072524 1.792815
2012.699416 -87.975906 -86.063374 1.792815
2012.718594 -88.260558 -86.051477 1.792815
2012.737772 -88.484248 -86.036870 1.792815
2012.756950 -88.640752 -86.019614 1.792815
2012.776128 -88.720488 -85.999784 1.792815
2012.795307 -88.713316 -85.977436 1.792815
2012.814485 -88.612338 -85.952659 1.792815
2012.833663 -88.417494 -85.925548 1.792815
2012.852841 -88.138042 -85.896187 1.792815
2012.872019 -87.793223 -85.864684 1.792815
2012.891197 -87.410669 -85.831150 1.792815
2012.910375 -87.022850 -85.795706 1.792815
2012.929553 -86.662196 -85.758462 1.792815
2012.948731 -86.355981 -85.719554 1.792815
2012.967909 -86.121935 -85.679109 1.792815
2012.987087 -85.965683 -85.637267 1.792815
2013.006265 -85.880465 -85.594166 1.792815
2013.025444 -85.849231 -85.549944 1.792815
2013.044622 -85.848679 -85.504755 1.792815
2013.063800 -85.854226 -85.458748 1.792815
2013.082978 -85.844903 -85.412058 1.792815
2013.102156 -85.807094 -85.364856 1.792815
2013.121334 -85.736169 -85.317273 1.792815
2013.140512 -85.635946 -85.269474 1.792815
2013.159690 -85.515925 -85.221607 1.792815
2013.178868 -85.387209 -85.173817 1.792815
2013.198046 -85.258081 -85.126264 1.792815
2013.217224 -85.130330 -85.079083 1.792815
2013.236402 -84.997410 -85.032422 1.792815
2013.255581 -84.844874 -84.986423 1.792815
2013.274759 -84.653156 -84.941223 1.792815
2013.293937 -84.402164 -84.896953 1.792815
2013.313115 -84.076691 -84.853746 1.792815
2013.332293 -83.671433 -84.811730 1.792815
2013.351471 -83.194421 -84.771020 1.792815
2013.370649 -82.668051 -84.731734 1.792815
2013.389827 -82.127277 -84.693981 1.792815
2013.409005 -81.615253 -84.657863 1.792815
2013.428183 -81.177177 -84.623478 1.792815
2013.447361 -80.853524 -84.590924 1.792815
2013.466539 -80.673951 -84.560281 1.792815
2013.485718 -80.653091 -84.531624 1.792815
2013.504896 -80.788997 -84.505028 1.792815
2013.524074 -81.064423 -84.480552 1.792815
2013.543252 -81.450649 -84.458260 1.792815
2013.562430 -81.912896 -84.438198 1.792815
2013.581608 -82.416226 -84.420412 1.792815
2013.600786 -82.930656 -84.404935 1.792815
2013.619964 -83.434530 -84.391800 1.792815
2013.639142 -83.915555 -84.381023 1.792815
2013.658320 -84.369558 -84.372623 1.792815
2013.677498 -84.797417 -84.366608 1.792815
2013.696676 -85.201142 -84.362976 1.792815
2013.715855 -85.580179 -84.361724 1.792815
2013.735033 -85.928929 -84.362837 1.792815
2013.754211 -86.236158 -84.366298 1.792815
2013.773389 -86.486487 -84.372082 1.792815
2013.792567 -86.663620 -84.380163 1.792815
2013.811745 -86.754517 -84.390499 1.792815
2013.830923 -86.753483 -84.403050 1.792815
2013.850101 -86.665121 -84.417771 1.792815
2013.869279 -86.505304 -84.434608 1.792815
2013.888457 -86.299828 -84.453506 1.792815
2013.907635 -86.080886 -84.474408 1.792815
2013.926813 -85.882000 -84.497245 1.792815
2013.945992 -85.732491 -84.521949 1.792815
2013.965170 -85.652584 -84.548447 1.792815
2013.984348 -85.650225 -84.576670 1.792815
2014.003526 -85.720234 -84.606535 1.792815
2014.022704 -85.846000 -84.637964 1.792815
2014.041882 -86.003288 -84.670876 1.792815
2014.061060 -86.165311 -84.705186 1.792815
2014.080238 -86.307951 -84.740806 1.792815
2014.099416 -86.413988 -84.777651 1.792815
2014.118594 -86.475446 -84.815632 1.792815
2014.137772 -86.493593 -84.854663 1.792815
2014.156950 -86.476715 -84.894652 1.792815
2014.176128 -86.436270 -84.935510 1.792815
2014.195307 -86.382413 -84.977154 1.792815
2014.214485 -86.320011 -85.019489 1.792815
2014.233663 -86.246211 -85.062428 1.792815
2014.252841 -86.150167 -85.105885 1.792815
2014.272019 -86.015090 -85.149775 1.792815
2014.291197 -85.822217 -85.194016 1.792815
2014.310375 -85.555796 -85.238522 1.792815
2014.329553 -85.207985 -85.283211 1.792815
2014.348731 -84.782469 -85.328005 1.792815
2014.367909 -84.295925 -85.372830 1.792815
2014.387087 -83.776868 -85.417608 1.792815
2014.406265 -83.262060 -85.462262 1.792815
2014.425444 -82.791137 -85.506732 1.792815
2014.444622 -82.400491 -85.550945 1.792815
2014.463800 -82.117755 -85.594838 1.792815
2014.482978 -81.957928 -85.638351 1.792815
2014.502156 -81.921968 -85.681426 1.792815
2014.521334 -81.998084 -85.724002 1.792815
2014.540512 -82.165389 -85.766030 1.792815
2014.559690 -82.399049 -85.807459 1.792815
2014.578868 -82.675797 -85.848244 1.792815
2014.598046 -82.978565 -85.888342 1.792815
2014.617224 -83.299254 -85.927714 1.792815
2014.636402 -83.639081 -85.966327 1.792815
2014.655581 -84.006467 -86.004139 1.792815
2014.674759 -84.413082 -86.041118 1.792815
2014.693937 -84.868969 -86.077250 1.792815
2014.713115 -85.377901 -86.112503 1.792815
2014.732293 -85.934163 -86.146855 1.792815
2014.751471 -86.521470 -86.180287 1.792815
2014.770649 -87.114361 -86.212793 1.792815
2014.789827 -87.681724 -86.244351 1.792815
2014.809005 -88.191821 -86.274958 1.792815
2014.828183 -88.617580 -86.304603 1.792815
2014.847361 -88.941117 -86.333292 1.792815
2014.866539 -89.156425 -86.361015 1.792815
2014.885718 -89.269759 -86.387778 1.792815
2014.904896 -89.297598 -86.413580 1.792815
2014.924074 -89.262760 -86.438436 1.792815
2014.943252 -89.189482 -86.462353 1.792815
2014.962430 -89.098668 -86.485341 1.792815
2014.981608 -89.004284 -86.507408 1.792815
2015.000786 -88.911702 -86.528580 1.792815
2015.019964 -88.818192 -86.548870 1.792815
2015.039142 -88.715434 -86.568295 1.792815
2015.058320 -88.593278 -86.586884 1.792815
2015.077498 -88.443745 -86.604653 1.792815
2015.096676 -88.264302 -86.621629 1.792815
2015.115855 -88.059483 -86.637836 1.792815
2015.135033 -87.840479 -86.653306 1.792815
2015.154211 -87.622704 -86.668058 1.792815
2015.173389 -87.421999 -86.682130 1.792815
2015.192567 -87.250303 -86.695553 1.792815
2015.211745 -87.111969 -86.708354 1.792815
2015.230923 -87.001693 -86.720563 1.792815
2015.250101 -86.904681 -86.732219 1.792815
2015.269279 -86.799160 -86.743352 1.792815
2015.288457 -86.660888 -86.753996 1.792815
2015.307635 -86.468682 -86.764188 1.792815
2015.326813 -86.209819 -86.773958 1.792815
2015.345992 -85.884107 -86.783342 1.792815
2015.365170 -85.505644 -86.792376 1.792815
2015.384348 -85.101769 -86.801092 1.792815
2015.403526 -84.709321 -86.809526 1.792815
2015.422704 -84.368845 -86.817715 1.792815
2015.441882 -84.117858 -86.825686 1.792815
2015.461060 -83.984544 -86.833475 1.792815
2015.480238 -83.983045 -86.841115 1.792815
2015.499416 -84.111333 -86.848637 1.792815
2015.518594 -84.351992 -86.856072 1.792815
2015.537772 -84.675717 -86.863453 1.792815
2015.556950 -85.046719 -86.870803 1.792815
2015.576128 -85.428932 -86.878161 1.792815
2015.595307 -85.791668 -86.885538 1.792815
2015.614485 -86.113745 -86.892970 1.792815
2015.633663 -86.385208 -86.900481 1.792815
2015.652841 -86.606584 -86.908096 1.792815
2015.672019 -86.786008 -86.915834 1.792815
2015.691197 -86.935072 -86.923715 1.792815
2015.710375 -87.064485 -86.931758 1.792815
2015.729553 -87.180629 -86.939982 1.792815
2015.748731 -87.283828 -86.948403 1.792815
2015.767909 -87.368705 -86.957030 1.792815
2015.787087 -87.426505 -86.965882 1.792815
2015.806265 -87.448666 -86.974965 1.792815
2015.825444 -87.430768 -86.984291 1.792815
2015.844622 -87.375716 -86.993866 1.792815
2015.863800 -87.295304 -87.003698 1.792815
2015.882978 -87.209614 -87.013786 1.792815
2015.902156 -87.144257 -87.024131 1.792815
2015.921334 -87.125955 -87.034739 1.792815
2015.940512 -87.177351 -87.045602 1.792815
2015.959690 -87.312235 -87.056720 1.792815
2015.978868 -87.532186 -87.068089 1.792815
2015.998046 -87.825441 -87.079698 1.792815
2016.017224 -88.168291 -87.091545 1.792815
2016.036402 -88.528703 -87.103610 1.792815
2016.055581 -88.871519 -87.115890 1.792815
2016.074759 -89.164031 -87.128363 1.792815
2016.093937 -89.380906 -87.141025 1.792815
2016.113115 -89.507344 -87.153853 1.792815
2016.132293 -89.539977 -87.166822 1.792815
2016.151471 -89.485426 -87.179927 1.792815
2016.170649 -89.356886 -87.193143 1.792815
2016.189827 -89.169780 -87.206447 1.792815
2016.209005 -88.937487 -87.219815 1.792815
2016.228183 -88.668240 -87.233233 1.792815
2016.247361 -88.363920 -87.246660 1.792815
2016.266539 -88.021146 -87.260087 1.792815
2016.285718 -87.634213 -87.273483 1.792815
2016.304896 -87.199324 -87.286823 1.792815
2016.324074 -86.718906 -87.300078 1.792815
2016.343252 -86.204931 -87.313223 1.792815
2016.362430 -85.680256 -87.326233 1.792815
2016.381608 -85.177459 -87.339077 1.792815
2016.400786 -84.735227 -87.351732 1.792815
2016.419964 -84.392824 -87.364167 1.792815
2016.439142 -84.183773 -87.376358 1.792815
2016.458320 -84.129942 -87.388278 1.792815
2016.477498 -84.237319 -87.399900 1.792815
2016.496676 -84.494362 -87.411201 1.792815
2016.515855 -84.873332 -87.422154 1.792815
2016.535033 -85.334389 -87.432739 1.792815
2016.554211 -85.831677 -87.442926 1.792815
2016.573389 -86.320242 -87.452688 1.792815
2016.592567 -86.762459 -87.462018 1.792815
2016.611745 -87.132709 -87.470893 1.792815
2016.630923 -87.419607 -87.479284 1.792815
2016.650101 -87.625469 -87.487183 1.792815
2016.669279 -87.763288 -87.494563 1.792815
2016.688457 -87.852141 -87.501417 1.792815
2016.707635 -87.912043 -87.507729 1.792815
2016.726813 -87.959482 -87.513486 1.792815
2016.745992 -88.004546 -87.518678 1.792815
2016.765170 -88.050162 -87.523295 1.792815
2016.784348 -88.093441 -87.527329 1.792815
2016.803526 -88.128614 -87.530771 1.792815
2016.822704 -88.150675 -87.533622 1.792815
2016.841882 -88.158669 -87.535872 1.792815
2016.861060 -88.157753 -87.537526 1.792815
2016.880238 -88.159349 -87.538583 1.792815
2016.899416 -88.179336 -87.539039 1.792815
2016.918594 -88.234634 -87.538900 1.792815
2016.937772 -88.338962 -87.538173 1.792815
2016.956950 -88.498817 -87.536861 1.792815
2016.976128 -88.710702 -87.534973 1.792815
2016.995307 -88.960317 -87.532523 1.792815
2017.014485 -89.224032 -87.529510 1.792815
2017.033663 -89.472477 -87.525952 1.792815
2017.052841 -89.675446 -87.521866 1.792815
2017.072019 -89.807158 -87.517262 1.792815
2017.091197 -89.850709 -87.512155 1.792815
2017.110375 -89.800739 -87.506558 1.792815
2017.129553 -89.663733 -87.500495 1.792815
2017.148731 -89.455864 -87.493983 1.792815
2017.167909 -89.198903 -87.487036 1.792815
2017.187087 -88.915107 -87.479677 1.792815
2017.206265 -88.622241 -87.471927 1.792815
2017.225444 -88.329887 -87.463807 1.792815
2017.244622 -88.037887 -87.455336 1.792815
2017.263800 -87.737326 -87.446538 1.792815
2017.282978 -87.413795 -87.437435 1.792815
2017.302156 -87.052269 -87.428050 1.792815
2017.321334 -86.642441 -87.418401 1.792815
2017.340512 -86.183319 -87.408515 1.792815
2017.359690 -85.685955 -87.398414 1.792815
2017.378868 -85.173645 -87.388118 1.792815
2017.398046 -84.679449 -87.377653 1.792815
2017.417224 -84.241451 -87.367039 1.792815
2017.436402 -83.896745 -87.356297 1.792815
2017.455581 -83.675326 -87.345446 1.792815
2017.474759 -83.595183 -87.334512 1.792815
2017.493937 -83.659553 -87.323515 1.792815
2017.513115 -83.856894 -87.312474 1.792815
2017.532293 -84.163514 -87.301404 1.792815
2017.551471 -84.548270 -87.290330 1.792815
2017.570649 -84.978235 -87.279268 1.792815
2017.589827 -85.424202 -87.268237 1.792815
2017.609005 -85.864802 -87.257251 1.792815
2017.628183 -86.288494 -87.246328 1.792815
2017.647361 -86.693088 -87.235482 1.792815
2017.666539 -87.083103 -87.224729 1.792815
2017.685718 -87.465681 -87.214086 1.792815
2017.704896 -87.846136 -87.203564 1.792815
2017.724074 -88.224276 -87.193173 1.792815
2017.743252 -88.592391 -87.182931 1.792815
2017.762430 -88.935409 -87.172846 1.792815
2017.781608 -89.233218 -87.162933 1.792815
2017.800786 -89.464588 -87.153196 1.792815
2017.819964 -89.611805 -87.143649 1.792815
2017.839142 -89.664860 -87.134304 1.792815
2017.858320 -89.624221 -87.125167 1.792815
2017.877498 -89.501504 -87.116248 1.792815
2017.896676 -89.317802 -87.107550 1.792815
2017.915855 -89.100050 -87.099089 1.792815
2017.935033 -88.876143 -87.090874 1.792815
2017.954211 -88.669931 -87.082906 1.792815
2017.973389 -88.497183 -87.075196 1.792815
2017.992567 -88.363344 -87.067751 1.792815
2018.011745 -88.263604 -87.060582 1.792815
2018.030923 -88.185158 -87.053692 1.792815
2018.050101 -88.111134 -87.047093 1.792815
2018.069279 -88.025183 -87.040789 1.792815
2018.088457 -87.915689 -87.034795 1.792815
2018.107635 -87.778536 -87.029110 1.792815
2018.126813 -87.617873 -87.023752 1.792815
2018.145992 -87.444601 -87.018726 1.792815
2018.165170 -87.273066 -87.014044 1.792815
2018.184348 -87.116717 -87.009711 1.792815
2018.203526 -86.983857 -87.005743 1.792815
2018.222704 -86.874550 -87.002151 1.792815
2018.241882 -86.779541 -86.998943 1.792815
2018.261060 -86.681606 -86.996134 1.792815
2018.280238 -86.559104 -86.993733 1.792815
2018.299416 -86.391071 -86.991756 1.792815
2018.318594 -86.162736 -86.990217 1.792815
2018.337772 -85.870235 -86.989128 1.792815
2018.356950 -85.523395 -86.988504 1.792815
2018.376128 -85.145874 -86.988362 1.792815
2018.395307 -84.772459 -86.988715 1.792815
2018.414485 -84.443956 -86.989578 1.792815
2018.433663 -84.200632 -86.990969 1.792815
2018.452841 -84.075453 -86.992904 1.792815
2018.472019 -84.088474 -86.995394 1.792815
2018.491197 -84.243487 -86.998462 1.792815
2018.510375 -84.527526 -87.002122 1.792815
2018.529553 -84.913330 -87.006389 1.792815
2018.548731 -85.364197 -87.011284 1.792815
2018.567909 -85.840176 -87.016822 1.792815
2018.587087 -86.304386 -87.023017 1.792815
2018.606265 -86.728175 -87.029882 1.792815
2018.625444 -87.094218 -87.037430 1.792815
2018.644622 -87.397071 -87.045683 1.792815
2018.663800 -87.641279 -87.054648 1.792815
2018.682978 -87.837741 -87.064341 1.792815
2018.702156 -87.999246 -87.074774 1.792815
2018.721334 -88.136356 -87.085957 1.792815
2018.740512 -88.254574 -87.097897 1.792815
2018.759690 -88.353432 -87.110606 1.792815
2018.778868 -88.427594 -87.124087 1.792815
2018.798046 -88.469594 -87.138348 1.792815
2018.817224 -88.473413 -87.153392 1.792815
2018.836402 -88.437876 -87.169223 1.792815
2018.855581 -88.368932 -87.185841 1.792815
2018.874759 -88.280109 -87.203240 1.792815
2018.893937 -88.190953 -87.221421 1.792815
2018.913115 -88.123659 -87.240378 1.792815
2018.932293 -88.098671 -87.260102 1.792815
2018.951471 -88.130230 -87.280581 1.792815
2018.970649 -88.222937 -87.301810 1.792815
2018.989827 -88.370132 -87.323769 1.792815
2019.009005 -88.554626 -87.346445 1.792815
2019.028183 -88.751607 -87.369818 1.792815
2019.047361 -88.933210 -87.393868 1.792815
2019.066539 -89.073728 -87.418566 1.792815
2019.085718 -89.154367 -87.443894 1.792815
2019.104896 -89.166440 -87.469821 1.792815
2019.124074 -89.112333 -87.496318 1.792815
2019.143252 -89.004011 -87.523354 1.792815
2019.162430 -88.859395 -87.550892 1.792815
2019.181608 -88.697471 -87.578898 1.792815
2019.200786 -88.533230 -87.607333 1.792815
2019.219964 -88.373659 -87.636157 1.792815
2019.239142 -88.215720 -87.665329 1.792815
2019.258320 -88.046851 -87.694805 1.792815
2019.277498 -87.847956 -87.724538 1.792815
2019.296676 -87.598272 -87.754488 1.792815
2019.315855 -87.281030 -87.784602 1.792815
2019.335033 -86.888737 -87.814834 1.792815
2019.354211 -86.426817 -87.845134 1.792815
2019.373389 -85.914795 -87.875455 1.792815
2019.392567 -85.384684 -87.905745 1.792815
2019.411745 -84.876829 -87.935953 1.792815
2019.430923 -84.434028 -87.966029 1.792815
2019.450101 -84.095094 -87.995924 1.792815
2019.469279 -83.889125 -88.025588 1.792815
2019.488457 -83.831637 -88.054976 1.792815
2019.507635 -83.923225 -88.084040 1.792815
2019.526813 -84.150925 -88.112726 1.792815
2019.545992 -84.491885 -88.140990 1.792815
2019.565170 -84.918399 -88.168793 1.792815
2019.584348 -85.403158 -88.196094 1.792815
2019.603526 -85.923593 -88.222852 1.792815
2019.622704 -86.464390 -88.249026 1.792815
2019.641882 -87.017753 -88.274588 1.792815
2019.661060 -87.581498 -88.299500 1.792815
2019.680238 -88.155653 -88.323740 1.792815
2019.699416 -88.738474 -88.347279 1.792815
2019.718594 -89.323029 -88.370094 1.792815
2019.737772 -89.895271 -88.392171 1.792815
2019.756950 -90.434193 -88.413494 1.792815
2019.776128 -90.914143 -88.434048 1.792815
2019.795307 -91.308865 -88.453832 1.792815
2019.814485 -91.596344 -88.472847 1.792815
2019.833663 -91.763370 -88.491092 1.792815
2019.852841 -91.808765 -88.508572 1.792815
2019.872019 -91.744442 -88.525304 1.792815
2019.891197 -91.593963 -88.541301 1.792815
2019.910375 -91.388845 -88.556588 1.792815
2019.929553 -91.163309 -88.571191 1.792815
2019.948731 -90.948547 -88.585140 1.792815
2019.967909 -90.767709 -88.598465 1.792815
2019.987087 -90.632619 -88.611217 1.792815
2020.006265 -90.542829 -88.623438 1.792815
2020.025444 -90.487203 -88.635181 1.792815
2020.044622 -90.447535 -88.646498 1.792815
2020.063800 -90.403371 -88.657448 1.792815
2020.082978 -90.336885 -88.668092 1.792815
2020.102156 -90.236743 -88.678503 1.792815
2020.121334 -90.100057 -88.688752 1.792815
2020.140512 -89.932110 -88.698913 1.792815
2020.159690 -89.743964 -88.709065 1.792815
2020.178868 -89.548632 -88.719290 1.792815
2020.198046 -89.356794 -88.729676 1.792815
2020.217224 -89.173157 -88.740308 1.792815
2020.236402 -88.994463 -88.751278 1.792815
2020.255581 -88.809644 -88.762679 1.792815
2020.274759 -88.602233 -88.774607 1.792815
2020.293937 -88.354521 -88.787154 1.792815
2020.313115 -88.052556 -88.800418 1.792815
2020.332293 -87.690801 -88.814493 1.792815
2020.351471 -87.275399 -88.829483 1.792815
2020.370649 -86.825136 -88.845482 1.792815
2020.389827 -86.369841 -88.862585 1.792815
2020.409005 -85.946405 -88.880888 1.792815
2020.428183 -85.593189 -88.900485 1.792815
2020.447361 -85.343936 -88.921470 1.792815
2020.466539 -85.222435 -88.943931 1.792815
2020.485718 -85.239012 -88.967955 1.792815
2020.504896 -85.389569 -88.993626 1.792815
2020.524074 -85.657281 -89.021023 1.792815
2020.543252 -86.016551 -89.050223 1.792815
2020.562430 -86.438305 -89.081297 1.792815
2020.581608 -86.895447 -89.114312 1.792815
2020.600786 -87.367273 -89.149325 1.792815
2020.619964 -87.841940 -89.186394 1.792815
2020.639142 -88.316484 -89.225571 1.792815
2020.658320 -88.794506 -89.266897 1.792815
2020.677498 -89.282173 -89.310408 1.792815
2020.696676 -89.783544 -89.356133 1.792815
2020.715855 -90.296407 -89.404095 1.792815
2020.735033 -90.809696 -89.454307 1.792815
2020.754211 -91.303173 -89.506774 1.792815
2020.773389 -91.749578 -89.561496 1.792815
2020.792567 -92.118821 -89.618462 1.792815
2020.811745 -92.383387 -89.677653 1.792815
2020.830923 -92.523761 -89.739045 1.792815
2020.850101 -92.532722 -89.802600 1.792815
2020.869279 -92.417533 -89.868275 1.792815
2020.888457 -92.199548 -89.936015 1.792815
2020.907635 -91.911262 -90.005758 1.792815
2020.926813 -91.591427 -90.077434 1.792815
2020.945992 -91.279207 -90.150968 1.792815
2020.965170 -91.008540 -90.226269 1.792815
2020.984348 -90.803828 -90.303242 1.792815
2021.003526 -90.677689 -90.381784 1.792815
2021.022704 -90.631065 -90.461777 1.792815
2021.041882 -90.655462 -90.543106 1.792815
2021.061060 -90.736563 -90.625645 1.792815
2021.080238 -90.858281 -90.709260 1.792815
2021.099416 -91.006203 -90.793809 1.792815
2021.118594 -91.169622 -90.879145 1.792815
2021.137772 -91.341743 -90.965113 1.792815
2021.156950 -91.518148 -91.051554 1.792815
2021.176128 -91.694086 -91.138301 1.792815
2021.195307 -91.861487 -91.225186 1.792815
2021.214485 -92.006690 -91.312041 1.792815
2021.233663 -92.109755 -91.398686 1.792815
2021.252841 -92.145874 -91.484939 1.792815
2021.272019 -92.088849 -91.570620 1.792815
2021.291197 -91.916092 -91.655544 1.792815
2021.310375 -91.614187 -91.739525 1.792815
2021.329553 -91.183785 -91.822380 1.792815
2021.348731 -90.642685 -91.903920 1.792815
2021.367909 -90.026220 -91.983959 1.792815
2021.387087 -89.384606 -92.062313 1.792815
2021.406265 -88.777502 -92.138799 1.792815
2021.425444 -88.266600 -92.213236 1.792815
2021.444622 -87.907525 -92.285447 1.792815
2021.463800 -87.742431 -92.355258 1.792815
2021.482978 -87.794610 -92.422499 1.792815
2021.502156 -88.066028 -92.487009 1.792815
2021.521334 -88.538119 -92.548626 1.792815
2021.540512 -89.175575 -92.607199 1.792815
2021.559690 -89.932268 -92.662580 1.792815
2021.578868 -90.758116 -92.714631 1.792815
2021.598046 -91.605569 -92.763220 1.792815
2021.617224 -92.434574 -92.808225 1.792815
2021.636402 -93.215283 -92.849532 1.792815
2021.655581 -93.928320 -92.887035 1.792815
2021.674759 -94.562945 -92.920639 1.792815
2021.693937 -95.113927 -92.950261 1.792815
2021.713115 -95.578133 -92.975825 1.792815
2021.732293 -95.951853 -92.997261 1.792815
2021.751471 -96.229580 -93.014521 1.792815
2021.770649 -96.404545 -93.027560 1.792815
2021.789827 -96.470814 -93.036349 1.792815
2021.809005 -96.426301 -93.040868 1.792815
2021.828183 -96.275785 -93.041109 1.792815
2021.847361 -96.032965 -93.037078 1.792815
2021.866539 -95.720813 -93.028789 1.792815
2021.885718 -95.369843 -93.016271 1.792815
2021.904896 -95.014462 -92.999563 1.792815
2021.924074 -94.688019 -92.978713 1.792815
2021.943252 -94.417553 -92.953787 1.792815
2021.962430 -94.219341 -92.924865 1.792815
2021.981608 -94.096227 -92.892023 1.792815
2022.000786 -94.037446 -92.855360 1.792815
2022.019964 -94.020992 -92.814987 1.792815
2022.039142 -94.018111 -92.771018 1.792815
2022.058320 -93.999070 -92.723584 1.792815
2022.077498 -93.938948 -92.672819 1.792815
2022.096676 -93.822289 -92.618870 1.792815
2022.115855 -93.645625 -92.561896 1.792815
2022.135033 -93.417350 -92.502053 1.792815
2022.154211 -93.155074 -92.439522 1.792815
2022.173389 -92.880989 -92.374477 1.792815
2022.192567 -92.616390 -92.307106 1.792815
2022.211745 -92.376529 -92.237592 1.792815
2022.230923 -92.167032 -92.166146 1.792815
2022.250101 -91.982572 -92.092957 1.792815
2022.269279 -91.808265 -92.018240 1.792815
2022.288457 -91.623298 -91.942198 1.792815
2022.307635 -91.406139 -91.865047 1.792815
2022.326813 -91.140050 -91.787002 1.792815
2022.345992 -90.817717 -91.708276 1.792815
2022.365170 -90.443967 -91.629090 1.792815
2022.384348 -90.035896 -91.549658 1.792815
2022.403526 -89.620428 -91.470198 1.792815
2022.422704 -89.229760 -91.390924 1.792815
2022.441882 -88.895706 -91.312050 1.792815
2022.461060 -88.644114 -91.233787 1.792815
2022.480238 -88.490551 -91.156343 1.792815
2022.499416 -88.438111 -91.079922 1.792815
2022.518594 -88.477762 -91.004722 1.792815
2022.537772 -88.591040 -90.930936 1.792815
2022.556950 -88.754437 -90.858753 1.792815
2022.576128 -88.944407 -90.788359 1.792815
2022.595307 -89.141874 -90.719924 1.792815
2022.614485 -89.335259 -90.653621 1.792815
2022.633663 -89.521357 -90.589609 1.792815
2022.652841 -89.704023 -90.528041 1.792815
2022.672019 -89.891044 -90.469060 1.792815
2022.691197 -90.090062 -90.412797 1.792815
2022.710375 -90.304612 -90.359381 1.792815
2022.729553 -90.531275 -90.308926 1.792815
2022.748731 -90.758732 -90.261537 1.792815
2022.767909 -90.968990 -90.217310 1.792815
2022.787087 -91.140559 -90.176332 1.792815
2022.806265 -91.252850 -90.138676 1.792815
2022.825444 -91.290820 -90.104403 1.792815
2022.844622 -91.248739 -90.073565 1.792815
2022.863800 -91.132175 -90.046210 1.792815
2022.882978 -90.957669 -90.022366 1.792815
2022.902156 -90.750139 -90.002052 1.792815
2022.921334 -90.538498 -89.985279 1.792815
2022.940512 -90.350440 -89.972047 1.792815
2022.959690 -90.207514 -89.962342 1.792815
2022.978868 -90.121580 -89.956142 1.792815
2022.998046 -90.093372 -89.953411 1.792815
2023.017224 -90.113500 -89.954111 1.792815
2023.036402 -90.165563 -89.958190 1.792815
2023.055581 -90.230679 -89.965590 1.792815
2023.074759 -90.292299 -89.976230 1.792815
2023.093937 -90.340243 -89.990042 1.792815
2023.113115 -90.372890 -90.006932 1.792815
2023.132293 -90.397107 -90.026809 1.792815
2023.151471 -90.425835 -90.049567 1.792815
2023.170649 -90.473943 -90.075097 1.792815
2023.189827 -90.553302 -90.103284 1.792815
2023.209005 -90.668274 -90.134009 1.792815
2023.228183 -90.812739 -90.167136 1.792815
2023.247361 -90.969484 -90.202540 1.792815
2023.266539 -91.112195 -90.240084 1.792815
2023.285718 -91.209784 -90.279625 1.792815
2023.304896 -91.232228 -90.321020 1.792815
2023.324074 -91.156689 -90.364119 1.792815
2023.343252 -90.972690 -90.408780 1.792815
2023.362430 -90.685150 -90.454846 1.792815
2023.381608 -90.314691 -90.502166 1.792815
2023.400786 -89.895048 -90.550593 1.792815
2023.419964 -89.468056 -90.599966 1.792815
2023.439142 -89.077278 -90.650137 1.792815
2023.458320 -88.761446 -90.700959 1.792815
2023.477498 -88.549021 -90.752282 1.792815
2023.496676 -88.454894 -90.803962 1.792815
2023.515855 -88.479725 -90.855853 1.792815
2023.535033 -88.611892 -90.907811 1.792815
2023.554211 -88.831454 -90.959700 1.792815
2023.573389 -89.115134 -91.011394 1.792815
2023.592567 -89.441116 -91.062758 1.792815
2023.611745 -89.792683 -91.113666 1.792815
2023.630923 -90.159887 -91.164005 1.792815
2023.650101 -90.539053 -91.213662 1.792815
2023.671650 -90.977857 -91.264643 1.792815
