# x_interp smoothed_curve trend rsd2
2012.716975 -90.868071 -89.247341 3.683797
2012.736153 -91.069933 -89.230946 3.683797
2012.755331 -91.179211 -89.213139 3.683797
2012.774509 -91.202726 -89.193971 3.683797
2012.793687 -91.149608 -89.173496 3.683797
2012.812865 -91.031034 -89.151776 3.683797
2012.832043 -90.860573 -89.128878 3.683797
2012.851222 -90.654746 -89.104873 3.683797
2012.870400 -90.433251 -89.079840 3.683797
2012.889578 -90.218383 -89.053860 3.683797
2012.908756 -90.033416 -89.027021 3.683797
2012.927934 -89.899984 -88.999414 3.683797
2012.947112 -89.834852 -88.971134 3.683797
2012.966290 -89.846728 -88.942281 3.683797
2012.985468 -89.933864 -88.912958 3.683797
2013.004646 -90.083137 -88.883271 3.683797
2013.023824 -90.271048 -88.853327 3.683797
2013.043002 -90.466693 -88.823238 3.683797
2013.062180 -90.636325 -88.793116 3.683797
2013.081359 -90.748751 -88.763075 3.683797
2013.100537 -90.780542 -88.733229 3.683797
2013.119715 -90.720047 -88.703694 3.683797
2013.138893 -90.569318 -88.674585 3.683797
2013.158071 -90.343515 -88.646016 3.683797
2013.177249 -90.067799 -88.618100 3.683797
2013.196427 -89.772275 -88.590951 3.683797
2013.215605 -89.485963 -88.564678 3.683797
2013.234783 -89.230973 -88.539387 3.683797
2013.253961 -89.018109 -88.515185 3.683797
2013.273139 -88.844780 -88.492173 3.683797
2013.292317 -88.695718 -88.470446 3.683797
2013.311496 -88.546377 -88.450100 3.683797
2013.330674 -88.368370 -88.431220 3.683797
2013.349852 -88.135873 -88.413892 3.683797
2013.369030 -87.831713 -88.398187 3.683797
2013.388208 -87.451956 -88.384185 3.683797
2013.407386 -87.008004 -88.371949 3.683797
2013.426564 -86.525871 -88.361537 3.683797
2013.445742 -86.042717 -88.352998 3.683797
2013.464920 -85.601333 -88.346377 3.683797
2013.484098 -85.243625 -88.341708 3.683797
2013.503276 -85.004327 -88.339022 3.683797
2013.522454 -84.906048 -88.338349 3.683797
2013.541633 -84.956445 -88.339686 3.683797
2013.560811 -85.147983 -88.343042 3.683797
2013.579989 -85.459980 -88.348413 3.683797
2013.599167 -85.862459 -88.355794 3.683797
2013.618345 -86.320838 -88.365156 3.683797
2013.637523 -86.800593 -88.376480 3.683797
2013.656701 -87.270934 -88.389724 3.683797
2013.675879 -87.707073 -88.404825 3.683797
2013.695057 -88.090953 -88.421754 3.683797
2013.714235 -88.410515 -88.440440 3.683797
2013.733413 -88.658293 -88.460808 3.683797
2013.752591 -88.829853 -88.482793 3.683797
2013.771770 -88.922686 -88.506296 3.683797
2013.790948 -88.936079 -88.531238 3.683797
2013.810126 -88.871832 -88.557501 3.683797
2013.829304 -88.735823 -88.585006 3.683797
2013.848482 -88.539564 -88.613630 3.683797
2013.867660 -88.301411 -88.643255 3.683797
2013.886838 -88.046650 -88.673774 3.683797
2013.906016 -87.806057 -88.705027 3.683797
2013.925194 -87.613166 -88.736926 3.683797
2013.944372 -87.500143 -88.769300 3.683797
2013.963550 -87.493481 -88.802041 3.683797
2013.982728 -87.609858 -88.834999 3.683797
2014.001907 -87.853367 -88.868033 3.683797
2014.021085 -88.214570 -88.900999 3.683797
2014.040263 -88.671710 -88.933756 3.683797
2014.059441 -89.193896 -88.966158 3.683797
2014.078619 -89.745689 -88.998058 3.683797
2014.097797 -90.292207 -89.029321 3.683797
2014.116975 -90.803692 -89.059800 3.683797
2014.136153 -91.258715 -89.089360 3.683797
2014.155331 -91.645351 -89.117859 3.683797
2014.174509 -91.960231 -89.145162 3.683797
2014.193687 -92.205768 -89.171141 3.683797
2014.212865 -92.386305 -89.195671 3.683797
2014.232043 -92.504204 -89.218631 3.683797
2014.251222 -92.556877 -89.239910 3.683797
2014.270400 -92.535569 -89.259388 3.683797
2014.289578 -92.426360 -89.276966 3.683797
2014.308756 -92.213221 -89.292545 3.683797
2014.327934 -91.882577 -89.306036 3.683797
2014.347112 -91.428395 -89.317350 3.683797
2014.366290 -90.856635 -89.326417 3.683797
2014.385468 -90.187961 -89.333182 3.683797
2014.404646 -89.457903 -89.337572 3.683797
2014.423824 -88.714278 -89.339532 3.683797
2014.443002 -88.012042 -89.339032 3.683797
2014.462180 -87.406358 -89.336031 3.683797
2014.481359 -86.945152 -89.330511 3.683797
2014.500537 -86.662360 -89.322458 3.683797
2014.519715 -86.573114 -89.311867 3.683797
2014.538893 -86.671702 -89.298744 3.683797
2014.558071 -86.932628 -89.283103 3.683797
2014.577249 -87.314526 -89.264966 3.683797
2014.596427 -87.766194 -89.244364 3.683797
2014.615605 -88.233669 -89.221342 3.683797
2014.634783 -88.667112 -89.195956 3.683797
2014.653961 -89.026432 -89.168266 3.683797
2014.673139 -89.284895 -89.138342 3.683797
2014.692317 -89.430366 -89.106248 3.683797
2014.711496 -89.464418 -89.072080 3.683797
2014.730674 -89.399695 -89.035933 3.683797
2014.749852 -89.256447 -88.997906 3.683797
2014.769030 -89.058971 -88.958114 3.683797
2014.788208 -88.832609 -88.916666 3.683797
2014.807386 -88.601751 -88.873686 3.683797
2014.826564 -88.388798 -88.829301 3.683797
2014.845742 -88.213905 -88.783644 3.683797
2014.864920 -88.094989 -88.736857 3.683797
2014.884098 -88.047572 -88.689087 3.683797
2014.903276 -88.084040 -88.640476 3.683797
2014.922454 -88.212280 -88.591183 3.683797
2014.941633 -88.433765 -88.541344 3.683797
2014.960811 -88.741697 -88.491125 3.683797
2014.979989 -89.119621 -88.440689 3.683797
2014.999167 -89.541239 -88.390202 3.683797
2015.018345 -89.971782 -88.339816 3.683797
2015.037523 -90.371074 -88.289680 3.683797
2015.056701 -90.698034 -88.239978 3.683797
2015.075879 -90.915803 -88.190866 3.683797
2015.095057 -90.996818 -88.142497 3.683797
2015.114235 -90.926736 -88.095020 3.683797
2015.133413 -90.706459 -88.048624 3.683797
2015.152591 -90.351582 -88.003420 3.683797
2015.171770 -89.889642 -87.959575 3.683797
2015.190948 -89.355202 -87.917237 3.683797
2015.210126 -88.783961 -87.876544 3.683797
2015.229304 -88.206962 -87.837635 3.683797
2015.248482 -87.646025 -87.800632 3.683797
2015.267660 -87.111425 -87.765665 3.683797
2015.286838 -86.602219 -87.732856 3.683797
2015.306016 -86.109206 -87.702315 3.683797
2015.325194 -85.619928 -87.674149 3.683797
2015.344372 -85.124605 -87.648456 3.683797
2015.363550 -84.621744 -87.625326 3.683797
2015.382728 -84.122157 -87.604845 3.683797
2015.401907 -83.650428 -87.587089 3.683797
2015.421085 -83.243365 -87.572126 3.683797
2015.440263 -82.945584 -87.560015 3.683797
2015.459441 -82.802929 -87.550808 3.683797
2015.478619 -82.854917 -87.544547 3.683797
2015.497797 -83.127546 -87.541266 3.683797
2015.516975 -83.627810 -87.540990 3.683797
2015.536153 -84.340915 -87.543737 3.683797
2015.555331 -85.230681 -87.549509 3.683797
2015.574509 -86.243099 -87.558313 3.683797
2015.593687 -87.312325 -87.570137 3.683797
2015.612865 -88.368168 -87.584964 3.683797
2015.632043 -89.343757 -87.602756 3.683797
2015.651222 -90.182313 -87.623483 3.683797
2015.670400 -90.842000 -87.647101 3.683797
2015.689578 -91.298468 -87.673560 3.683797
2015.708756 -91.545013 -87.702797 3.683797
2015.727934 -91.590764 -87.734746 3.683797
2015.747112 -91.457559 -87.769331 3.683797
2015.766290 -91.176281 -87.806468 3.683797
2015.785468 -90.783327 -87.846067 3.683797
2015.804646 -90.317672 -87.888026 3.683797
2015.823824 -89.818687 -87.932246 3.683797
2015.843002 -89.324562 -87.978625 3.683797
2015.862180 -88.871024 -88.027041 3.683797
2015.881359 -88.490024 -88.077375 3.683797
2015.900537 -88.208077 -88.129501 3.683797
2015.919715 -88.044225 -88.183285 3.683797
2015.938893 -88.007846 -88.238607 3.683797
2015.958071 -88.096694 -88.295312 3.683797
2015.977249 -88.295881 -88.353266 3.683797
2015.996427 -88.578211 -88.412330 3.683797
2016.015605 -88.906295 -88.472347 3.683797
2016.034783 -89.236535 -88.533183 3.683797
2016.053961 -89.524448 -88.594673 3.683797
2016.073139 -89.730802 -88.656673 3.683797
2016.092317 -89.827376 -88.719031 3.683797
2016.111496 -89.801389 -88.781601 3.683797
2016.130674 -89.657635 -88.844224 3.683797
2016.149852 -89.417816 -88.906742 3.683797
2016.169030 -89.117024 -88.969017 3.683797
2016.188208 -88.797807 -89.030895 3.683797
2016.207386 -88.502928 -89.092232 3.683797
2016.226564 -88.268023 -89.152881 3.683797
2016.245742 -88.115542 -89.212703 3.683797
2016.264920 -88.051130 -89.271558 3.683797
2016.284098 -88.063137 -89.329313 3.683797
2016.303276 -88.125377 -89.385836 3.683797
2016.322454 -88.202650 -89.441002 3.683797
2016.341633 -88.257954 -89.494690 3.683797
2016.360811 -88.260058 -89.546784 3.683797
2016.379989 -88.189967 -89.597164 3.683797
2016.399167 -88.045139 -89.645739 3.683797
2016.418345 -87.840563 -89.692402 3.683797
2016.437523 -87.606675 -89.737060 3.683797
2016.456701 -87.384447 -89.779620 3.683797
2016.475879 -87.218677 -89.820008 3.683797
2016.495057 -87.150664 -89.858157 3.683797
2016.514235 -87.211631 -89.893994 3.683797
2016.533413 -87.418033 -89.927457 3.683797
2016.552591 -87.769410 -89.958498 3.683797
2016.571770 -88.248985 -89.987089 3.683797
2016.590948 -88.826606 -90.013155 3.683797
2016.610126 -89.463554 -90.036709 3.683797
2016.629304 -90.117753 -90.057704 3.683797
2016.648482 -90.748946 -90.076137 3.683797
2016.667660 -91.322630 -90.092004 3.683797
2016.686838 -91.812496 -90.105308 3.683797
2016.706016 -92.201254 -90.116058 3.683797
2016.725194 -92.480120 -90.124268 3.683797
2016.744372 -92.647521 -90.129976 3.683797
2016.763550 -92.707514 -90.133197 3.683797
2016.782728 -92.668593 -90.133993 3.683797
2016.801907 -92.542889 -90.132385 3.683797
2016.821085 -92.346081 -90.128457 3.683797
2016.840263 -92.097372 -90.122250 3.683797
2016.859441 -91.819486 -90.113851 3.683797
2016.878619 -91.537893 -90.103316 3.683797
2016.897797 -91.279248 -90.090730 3.683797
2016.916975 -91.068816 -90.076196 3.683797
2016.936153 -90.927163 -90.059781 3.683797
2016.955331 -90.866858 -90.041600 3.683797
2016.974509 -90.889635 -90.021759 3.683797
2016.993687 -90.984947 -90.000353 3.683797
2017.012865 -91.130422 -89.977495 3.683797
2017.032043 -91.294374 -89.953301 3.683797
2017.051222 -91.440203 -89.927886 3.683797
2017.070400 -91.532026 -89.901377 3.683797
2017.089578 -91.540549 -89.873895 3.683797
2017.108756 -91.448091 -89.845546 3.683797
2017.127934 -91.251823 -89.816490 3.683797
2017.147112 -90.964264 -89.786827 3.683797
2017.166290 -90.611207 -89.756714 3.683797
2017.185468 -90.226958 -89.726261 3.683797
2017.204646 -89.848109 -89.695602 3.683797
2017.223824 -89.506768 -89.664865 3.683797
2017.243002 -89.224683 -89.634181 3.683797
2017.262180 -89.009371 -89.603669 3.683797
2017.281359 -88.853090 -89.573457 3.683797
2017.300537 -88.734830 -89.543668 3.683797
2017.319715 -88.625002 -89.514422 3.683797
2017.338893 -88.491889 -89.485835 3.683797
2017.358071 -88.308626 -89.458020 3.683797
2017.377249 -88.059314 -89.431084 3.683797
2017.396427 -87.743112 -89.405133 3.683797
2017.415605 -87.375479 -89.380268 3.683797
2017.434783 -86.986365 -89.356585 3.683797
2017.453961 -86.615714 -89.334173 3.683797
2017.473139 -86.307146 -89.313112 3.683797
2017.492317 -86.101027 -89.293478 3.683797
2017.511496 -86.028208 -89.275360 3.683797
2017.530674 -86.105441 -89.258810 3.683797
2017.549852 -86.333338 -89.243888 3.683797
2017.569030 -86.696927 -89.230652 3.683797
2017.588208 -87.168530 -89.219141 3.683797
2017.607386 -87.712295 -89.209406 3.683797
2017.626564 -88.289285 -89.201462 3.683797
2017.645742 -88.862337 -89.195348 3.683797
2017.664920 -89.399663 -89.191071 3.683797
2017.684098 -89.876970 -89.188645 3.683797
2017.703276 -90.277890 -89.188077 3.683797
2017.722454 -90.593111 -89.189360 3.683797
2017.741633 -90.818770 -89.192470 3.683797
2017.760811 -90.954790 -89.197397 3.683797
2017.779989 -91.003636 -89.204114 3.683797
2017.799167 -90.969889 -89.212595 3.683797
2017.818345 -90.860574 -89.222783 3.683797
2017.837523 -90.686072 -89.234652 3.683797
2017.856701 -90.460911 -89.248135 3.683797
2017.875879 -90.204117 -89.263169 3.683797
2017.895057 -89.938558 -89.279698 3.683797
2017.914235 -89.689076 -89.297651 3.683797
2017.933413 -89.479639 -89.316948 3.683797
2017.952591 -89.329946 -89.337506 3.683797
2017.971770 -89.252145 -89.359241 3.683797
2017.990948 -89.248485 -89.382059 3.683797
2018.010126 -89.310511 -89.405870 3.683797
2018.029304 -89.420184 -89.430576 3.683797
2018.048482 -89.552866 -89.456071 3.683797
2018.067660 -89.681745 -89.482254 3.683797
2018.086838 -89.782831 -89.509019 3.683797
2018.106016 -89.839557 -89.536251 3.683797
2018.125194 -89.846026 -89.563847 3.683797
2018.144372 -89.808100 -89.591690 3.683797
2018.163550 -89.742094 -89.619668 3.683797
2018.182728 -89.671213 -89.647665 3.683797
2018.201907 -89.620414 -89.675571 3.683797
2018.221085 -89.610730 -89.703268 3.683797
2018.240263 -89.654250 -89.730653 3.683797
2018.259441 -89.750789 -89.757608 3.683797
2018.278619 -89.887096 -89.784031 3.683797
2018.297797 -90.038742 -89.809808 3.683797
2018.316975 -90.174493 -89.834839 3.683797
2018.336153 -90.262234 -89.859013 3.683797
2018.355331 -90.275416 -89.882241 3.683797
2018.374509 -90.198594 -89.904424 3.683797
2018.393687 -90.031067 -89.925470 3.683797
2018.412865 -89.787819 -89.945295 3.683797
2018.432043 -89.497544 -89.963809 3.683797
2018.451222 -89.198175 -89.980936 3.683797
2018.470400 -88.930725 -89.996602 3.683797
2018.489578 -88.732661 -90.010746 3.683797
2018.508756 -88.631990 -90.023293 3.683797
2018.527934 -88.643234 -90.034194 3.683797
2018.547112 -88.765813 -90.043392 3.683797
2018.566290 -88.985124 -90.050844 3.683797
2018.585468 -89.275866 -90.056506 3.683797
2018.604646 -89.606862 -90.060341 3.683797
2018.623824 -89.946338 -90.062318 3.683797
2018.643002 -90.266646 -90.062419 3.683797
2018.662180 -90.547547 -90.060637 3.683797
2018.681359 -90.777615 -90.056950 3.683797
2018.700537 -90.953797 -90.051350 3.683797
2018.719715 -91.079432 -90.043842 3.683797
2018.738893 -91.161436 -90.034440 3.683797
2018.758071 -91.207432 -90.023146 3.683797
2018.777249 -91.223583 -90.009984 3.683797
2018.796427 -91.213511 -89.994988 3.683797
2018.815605 -91.178418 -89.978162 3.683797
2018.834783 -91.118332 -89.959560 3.683797
2018.853961 -91.033702 -89.939215 3.683797
2018.873139 -90.926995 -89.917170 3.683797
2018.892317 -90.803570 -89.893482 3.683797
2018.911496 -90.671491 -89.868192 3.683797
2018.930674 -90.540310 -89.841360 3.683797
2018.949852 -90.419008 -89.813054 3.683797
2018.969030 -90.313652 -89.783323 3.683797
2018.988208 -90.225542 -89.752250 3.683797
2019.007386 -90.150282 -89.719899 3.683797
2019.026564 -90.078340 -89.686342 3.683797
2019.045742 -89.997044 -89.651656 3.683797
2019.064920 -89.893717 -89.615919 3.683797
2019.084098 -89.759248 -89.579192 3.683797
2019.103276 -89.591371 -89.541578 3.683797
2019.122454 -89.396569 -89.503157 3.683797
2019.141633 -89.190193 -89.463995 3.683797
2019.160811 -88.994464 -89.424183 3.683797
2019.179989 -88.834510 -89.383810 3.683797
2019.199167 -88.733167 -89.342945 3.683797
2019.218345 -88.705611 -89.301680 3.683797
2019.237523 -88.754842 -89.260090 3.683797
2019.256701 -88.869191 -89.218260 3.683797
2019.275879 -89.022486 -89.176263 3.683797
2019.295057 -89.177117 -89.134184 3.683797
2019.314235 -89.289588 -89.092092 3.683797
2019.333413 -89.317705 -89.050062 3.683797
2019.352591 -89.228096 -89.008169 3.683797
2019.371770 -89.002676 -88.966479 3.683797
2019.390948 -88.642871 -88.925057 3.683797
2019.410126 -88.170699 -88.883963 3.683797
2019.425793 -87.704120 -88.845920 3.683797
