# x_interp smoothed_curve trend rsd2
2010.947810 -87.350434 -85.801594 2.303913
2010.966988 -87.321250 -85.803312 2.303913
2010.986166 -87.247205 -85.804495 2.303913
2011.005344 -87.117701 -85.805109 2.303913
2011.024522 -86.933788 -85.805123 2.303913
2011.043700 -86.707495 -85.804506 2.303913
2011.062878 -86.458775 -85.803223 2.303913
2011.082057 -86.210923 -85.801258 2.303913
2011.101235 -85.985492 -85.798574 2.303913
2011.120413 -85.798028 -85.795152 2.303913
2011.139591 -85.655401 -85.790970 2.303913
2011.158769 -85.555316 -85.786010 2.303913
2011.177947 -85.487928 -85.780256 2.303913
2011.197125 -85.439024 -85.773695 2.303913
2011.216303 -85.393878 -85.766313 2.303913
2011.235481 -85.340799 -85.758106 2.303913
2011.254659 -85.273432 -85.749066 2.303913
2011.273837 -85.191349 -85.739192 2.303913
2011.293015 -85.098829 -85.728488 2.303913
2011.312194 -85.002238 -85.716951 2.303913
2011.331372 -84.906890 -85.704604 2.303913
2011.350550 -84.814194 -85.691447 2.303913
2011.369728 -84.720135 -85.677478 2.303913
2011.388906 -84.615622 -85.662743 2.303913
2011.408084 -84.488618 -85.647250 2.303913
2011.427262 -84.327929 -85.631024 2.303913
2011.446440 -84.127571 -85.614087 2.303913
2011.465618 -83.890731 -85.596477 2.303913
2011.484796 -83.632138 -85.578219 2.303913
2011.503974 -83.378148 -85.559352 2.303913
2011.523152 -83.164110 -85.539913 2.303913
2011.542331 -83.029339 -85.519944 2.303913
2011.561509 -83.010531 -85.499488 2.303913
2011.580687 -83.134839 -85.478589 2.303913
2011.599865 -83.414045 -85.457297 2.303913
2011.619043 -83.841047 -85.435660 2.303913
2011.638221 -84.389512 -85.413729 2.303913
2011.657399 -85.016904 -85.391562 2.303913
2011.676577 -85.670389 -85.369209 2.303913
2011.695755 -86.294621 -85.346724 2.303913
2011.714933 -86.839901 -85.324165 2.303913
2011.734111 -87.269219 -85.301588 2.303913
2011.753289 -87.562855 -85.279047 2.303913
2011.772468 -87.719785 -85.256609 2.303913
2011.791646 -87.755665 -85.234326 2.303913
2011.810824 -87.698047 -85.212252 2.303913
2011.830002 -87.579851 -85.190446 2.303913
2011.849180 -87.432506 -85.168963 2.303913
2011.868358 -87.280225 -85.147864 2.303913
2011.887536 -87.136447 -85.127189 2.303913
2011.906714 -87.003184 -85.106998 2.303913
2011.925892 -86.873052 -85.087344 2.303913
2011.945070 -86.733449 -85.068269 2.303913
2011.964248 -86.571764 -85.049824 2.303913
2011.983426 -86.380267 -85.032046 2.303913
2012.002605 -86.159581 -85.014980 2.303913
2012.021783 -85.919861 -84.998662 2.303913
2012.040961 -85.679452 -84.983128 2.303913
2012.060139 -85.461350 -84.968409 2.303913
2012.079317 -85.288306 -84.954535 2.303913
2012.098495 -85.177699 -84.941529 2.303913
2012.117673 -85.137386 -84.929413 2.303913
2012.136851 -85.163436 -84.918204 2.303913
2012.156029 -85.240289 -84.907919 2.303913
2012.175207 -85.343251 -84.898566 2.303913
2012.194385 -85.442779 -84.890156 2.303913
2012.213563 -85.509562 -84.882683 2.303913
2012.232742 -85.519325 -84.876154 2.303913
2012.251920 -85.456292 -84.870564 2.303913
2012.271098 -85.314674 -84.865898 2.303913
2012.290276 -85.098036 -84.862148 2.303913
2012.309454 -84.816803 -84.859300 2.303913
2012.328632 -84.484726 -84.857325 2.303913
2012.347810 -84.115333 -84.856215 2.303913
2012.366988 -83.719213 -84.855937 2.303913
2012.386166 -83.302986 -84.856451 2.303913
2012.405344 -82.870178 -84.857747 2.303913
2012.424522 -82.423626 -84.859769 2.303913
2012.443700 -81.968942 -84.862488 2.303913
2012.462878 -81.517793 -84.865863 2.303913
2012.482057 -81.090096 -84.869851 2.303913
2012.501235 -80.714211 -84.874403 2.303913
2012.520413 -80.424795 -84.879476 2.303913
2012.539591 -80.258425 -84.885027 2.303913
2012.558769 -80.247710 -84.890991 2.303913
2012.577947 -80.415131 -84.897330 2.303913
2012.597125 -80.767764 -84.904005 2.303913
2012.616303 -81.294171 -84.910938 2.303913
2012.635481 -81.964415 -84.918092 2.303913
2012.654659 -82.733159 -84.925412 2.303913
2012.673837 -83.545662 -84.932846 2.303913
2012.693015 -84.345527 -84.940343 2.303913
2012.712194 -85.082824 -84.947851 2.303913
2012.731372 -85.721060 -84.955327 2.303913
2012.750550 -86.241655 -84.962719 2.303913
2012.769728 -86.645142 -84.969981 2.303913
2012.788906 -86.948879 -84.977067 2.303913
2012.808084 -87.181831 -84.983937 2.303913
2012.827262 -87.377499 -84.990551 2.303913
2012.846440 -87.566487 -84.996871 2.303913
2012.865618 -87.770166 -85.002862 2.303913
2012.884796 -87.996684 -85.008494 2.303913
2012.903974 -88.239995 -85.013735 2.303913
2012.923152 -88.481962 -85.018563 2.303913
2012.942331 -88.696921 -85.022957 2.303913
2012.961509 -88.857600 -85.026887 2.303913
2012.980687 -88.941098 -85.030353 2.303913
2012.999865 -88.933518 -85.033328 2.303913
2013.019043 -88.832479 -85.035812 2.303913
2013.038221 -88.646927 -85.037804 2.303913
2013.057399 -88.394508 -85.039296 2.303913
2013.076577 -88.097254 -85.040290 2.303913
2013.095755 -87.776622 -85.040800 2.303913
2013.114933 -87.449055 -85.040831 2.303913
2013.134111 -87.123133 -85.040395 2.303913
2013.153289 -86.798851 -85.039508 2.303913
2013.172468 -86.469129 -85.038195 2.303913
2013.191646 -86.123066 -85.036480 2.303913
2013.210824 -85.750084 -85.034389 2.303913
2013.230002 -85.343913 -85.031944 2.303913
2013.249180 -84.905425 -85.029184 2.303913
2013.268358 -84.443599 -85.026143 2.303913
2013.287536 -83.974455 -85.022861 2.303913
2013.306714 -83.518193 -85.019373 2.303913
2013.325892 -83.095339 -85.015723 2.303913
2013.345070 -82.722810 -85.011954 2.303913
2013.364248 -82.410952 -85.008111 2.303913
2013.383426 -82.162271 -85.004239 2.303913
2013.402605 -81.972222 -85.000384 2.303913
2013.421783 -81.831834 -84.996597 2.303913
2013.440961 -81.731537 -84.992923 2.303913
2013.460139 -81.665173 -84.989414 2.303913
2013.479317 -81.633129 -84.986116 2.303913
2013.498495 -81.643668 -84.983080 2.303913
2013.517673 -81.711958 -84.980351 2.303913
2013.536851 -81.856854 -84.977976 2.303913
2013.556029 -82.096025 -84.976002 2.303913
2013.575207 -82.440465 -84.974480 2.303913
2013.594385 -82.889651 -84.973440 2.303913
2013.613563 -83.428608 -84.972931 2.303913
2013.632742 -84.027640 -84.972995 2.303913
2013.651920 -84.645099 -84.973665 2.303913
2013.671098 -85.232846 -84.974973 2.303913
2013.690276 -85.743451 -84.976961 2.303913
2013.709454 -86.137745 -84.979654 2.303913
2013.728632 -86.391307 -84.983080 2.303913
2013.747810 -86.498521 -84.987264 2.303913
2013.766988 -86.473349 -84.992218 2.303913
2013.786166 -86.346695 -84.997969 2.303913
2013.805344 -86.160719 -85.004536 2.303913
2013.824522 -85.961302 -85.011914 2.303913
2013.843700 -85.790150 -85.020128 2.303913
2013.862878 -85.677921 -85.029173 2.303913
2013.882057 -85.639830 -85.039051 2.303913
2013.901235 -85.674397 -85.049760 2.303913
2013.920413 -85.765460 -85.061296 2.303913
2013.939591 -85.886904 -85.073645 2.303913
2013.958769 -86.009013 -85.086804 2.303913
2013.977947 -86.104984 -85.100749 2.303913
2013.997125 -86.156359 -85.115463 2.303913
2014.016303 -86.156186 -85.130922 2.303913
2014.035481 -86.109465 -85.147109 2.303913
2014.054659 -86.030885 -85.163990 2.303913
2014.073837 -85.940594 -85.181531 2.303913
2014.093015 -85.859032 -85.199708 2.303913
2014.112194 -85.802001 -85.218483 2.303913
2014.131372 -85.777173 -85.237817 2.303913
2014.150550 -85.782661 -85.257671 2.303913
2014.169728 -85.807908 -85.278007 2.303913
2014.188906 -85.836525 -85.298782 2.303913
2014.208084 -85.850322 -85.319952 2.303913
2014.227262 -85.833480 -85.341471 2.303913
2014.246440 -85.775876 -85.363296 2.303913
2014.265618 -85.674794 -85.385379 2.303913
2014.284796 -85.534702 -85.407674 2.303913
2014.303974 -85.365282 -85.430133 2.303913
2014.323152 -85.178325 -85.452712 2.303913
2014.342331 -84.984408 -85.475361 2.303913
2014.361509 -84.790300 -85.498039 2.303913
2014.380687 -84.597839 -85.520697 2.303913
2014.399865 -84.404667 -85.543285 2.303913
2014.419043 -84.206683 -85.565768 2.303913
2014.438221 -84.001550 -85.588103 2.303913
2014.457399 -83.792380 -85.610244 2.303913
2014.476577 -83.590492 -85.632157 2.303913
2014.495755 -83.416321 -85.653802 2.303913
2014.514933 -83.297989 -85.675142 2.303913
2014.534111 -83.267543 -85.696150 2.303913
2014.553289 -83.355390 -85.716785 2.303913
2014.572468 -83.584097 -85.737027 2.303913
2014.591646 -83.962711 -85.756842 2.303913
2014.610824 -84.483006 -85.776212 2.303913
2014.630002 -85.118493 -85.795108 2.303913
2014.649180 -85.826703 -85.813520 2.303913
2014.668358 -86.554416 -85.831426 2.303913
2014.687536 -87.245019 -85.848810 2.303913
2014.706714 -87.846660 -85.865668 2.303913
2014.725892 -88.319614 -85.881985 2.303913
2014.745070 -88.641569 -85.897760 2.303913
2014.764248 -88.809759 -85.912988 2.303913
2014.783426 -88.839640 -85.927670 2.303913
2014.802605 -88.760441 -85.941802 2.303913
2014.821783 -88.608576 -85.955396 2.303913
2014.840961 -88.420236 -85.968458 2.303913
2014.860139 -88.224756 -85.980995 2.303913
2014.879317 -88.039997 -85.993019 2.303913
2014.898495 -87.870607 -86.004544 2.303913
2014.917673 -87.709359 -86.015587 2.303913
2014.936851 -87.541084 -86.026154 2.303913
2014.956029 -87.348267 -86.036283 2.303913
2014.975207 -87.116828 -86.045985 2.303913
2014.994385 -86.840921 -86.055281 2.303913
2015.013563 -86.525592 -86.064201 2.303913
2015.032742 -86.186723 -86.072761 2.303913
2015.051920 -85.848411 -86.080991 2.303913
2015.071098 -85.538312 -86.088920 2.303913
2015.090276 -85.282103 -86.096574 2.303913
2015.109454 -85.098270 -86.103976 2.303913
2015.128632 -84.994386 -86.111160 2.303913
2015.147810 -84.965632 -86.118154 2.303913
2015.166988 -84.995844 -86.124982 2.303913
2015.186166 -85.060783 -86.131674 2.303913
2015.205344 -85.132822 -86.138258 2.303913
2015.224522 -85.186002 -86.144763 2.303913
2015.243700 -85.200350 -86.151213 2.303913
2015.262878 -85.164608 -86.157636 2.303913
2015.282057 -85.076899 -86.164060 2.303913
2015.301235 -84.943399 -86.170507 2.303913
2015.320413 -84.775553 -86.177000 2.303913
2015.339591 -84.586698 -86.183560 2.303913
2015.358769 -84.389042 -86.190213 2.303913
2015.377947 -84.191819 -86.196973 2.303913
2015.397125 -84.001118 -86.203862 2.303913
2015.416303 -83.821317 -86.210897 2.303913
2015.435481 -83.657690 -86.218092 2.303913
2015.454659 -83.519302 -86.225463 2.303913
2015.473837 -83.421221 -86.233019 2.303913
2015.493015 -83.385150 -86.240774 2.303913
2015.512194 -83.437931 -86.248734 2.303913
2015.531372 -83.607927 -86.256912 2.303913
2015.550550 -83.919735 -86.265308 2.303913
2015.569728 -84.388310 -86.273925 2.303913
2015.588906 -85.013693 -86.282772 2.303913
2015.608084 -85.777608 -86.291847 2.303913
2015.627262 -86.642908 -86.301147 2.303913
2015.646440 -87.556293 -86.310671 2.303913
2015.665618 -88.454067 -86.320422 2.303913
2015.684796 -89.270063 -86.330385 2.303913
2015.703974 -89.944474 -86.340561 2.303913
2015.723152 -90.431885 -86.350933 2.303913
2015.742331 -90.707205 -86.361504 2.303913
2015.761509 -90.768253 -86.372258 2.303913
2015.780687 -90.634722 -86.383191 2.303913
2015.799865 -90.343638 -86.394278 2.303913
2015.819043 -89.942393 -86.405518 2.303913
2015.838221 -89.480591 -86.416897 2.303913
2015.857399 -89.002390 -86.428399 2.303913
2015.876577 -88.540731 -86.440011 2.303913
2015.895755 -88.114392 -86.451718 2.303913
2015.914933 -87.728274 -86.463504 2.303913
2015.934111 -87.376558 -86.475356 2.303913
2015.953289 -87.047799 -86.487257 2.303913
2015.972468 -86.730710 -86.499191 2.303913
2015.991646 -86.419223 -86.511148 2.303913
2016.010824 -86.115704 -86.523109 2.303913
2016.030002 -85.831650 -86.535062 2.303913
2016.049180 -85.585781 -86.546992 2.303913
2016.068358 -85.400041 -86.558885 2.303913
2016.087536 -85.294504 -86.570728 2.303913
2016.106714 -85.282372 -86.582509 2.303913
2016.125892 -85.366238 -86.594216 2.303913
2016.145070 -85.536419 -86.605838 2.303913
2016.164248 -85.771739 -86.617364 2.303913
2016.183426 -86.042524 -86.628787 2.303913
2016.202605 -86.315121 -86.640096 2.303913
2016.221783 -86.556942 -86.651284 2.303913
2016.240961 -86.740937 -86.662346 2.303913
2016.260139 -86.848630 -86.673279 2.303913
2016.279317 -86.871192 -86.684066 2.303913
2016.298495 -86.808615 -86.694716 2.303913
2016.317673 -86.667327 -86.705224 2.303913
2016.336851 -86.457188 -86.715586 2.303913
2016.356029 -86.188721 -86.725803 2.303913
2016.375207 -85.871396 -86.735868 2.303913
2016.394385 -85.513510 -86.745795 2.303913
2016.413563 -85.123548 -86.755582 2.303913
2016.432742 -84.712709 -86.765224 2.303913
2016.451920 -84.297697 -86.774732 2.303913
2016.471098 -83.902737 -86.784111 2.303913
2016.490276 -83.559998 -86.793365 2.303913
2016.509454 -83.307792 -86.802503 2.303913
2016.528632 -83.186492 -86.811527 2.303913
2016.547810 -83.232703 -86.820447 2.303913
2016.566988 -83.472660 -86.829272 2.303913
2016.586166 -83.916148 -86.838003 2.303913
2016.605344 -84.552345 -86.846656 2.303913
2016.624522 -85.348547 -86.855240 2.303913
2016.643700 -86.252407 -86.863765 2.303913
2016.662878 -87.197522 -86.872235 2.303913
2016.682057 -88.111616 -86.880665 2.303913
2016.701235 -88.925913 -86.889055 2.303913
2016.720413 -89.584191 -86.897423 2.303913
2016.739591 -90.049827 -86.905776 2.303913
2016.758769 -90.309688 -86.914122 2.303913
2016.777947 -90.374224 -86.922474 2.303913
2016.797125 -90.273839 -86.930832 2.303913
2016.816303 -90.052377 -86.939204 2.303913
2016.835481 -89.759030 -86.947601 2.303913
2016.854659 -89.440204 -86.956031 2.303913
2016.873837 -89.132888 -86.964493 2.303913
2016.893015 -88.860642 -86.973001 2.303913
2016.912194 -88.632661 -86.981556 2.303913
2016.931372 -88.445846 -86.990157 2.303913
2016.950550 -88.289100 -86.998812 2.303913
2016.969728 -88.148625 -87.007524 2.303913
2016.988906 -88.012980 -87.016288 2.303913
2017.008084 -87.876704 -87.025110 2.303913
2017.027262 -87.741747 -87.033985 2.303913
2017.046440 -87.616545 -87.042914 2.303913
2017.065618 -87.513103 -87.051890 2.303913
2017.084796 -87.442960 -87.060919 2.303913
2017.103974 -87.413070 -87.069985 2.303913
2017.123152 -87.422760 -87.079079 2.303913
2017.142331 -87.462517 -87.088212 2.303913
2017.161509 -87.514857 -87.097367 2.303913
2017.180687 -87.557253 -87.106536 2.303913
2017.199865 -87.566302 -87.115703 2.303913
2017.219043 -87.522243 -87.124871 2.303913
2017.238221 -87.412683 -87.134023 2.303913
2017.257399 -87.234792 -87.143147 2.303913
2017.276577 -86.995404 -87.152234 2.303913
2017.295755 -86.709073 -87.161268 2.303913
2017.314933 -86.394653 -87.170237 2.303913
2017.334111 -86.071224 -87.179131 2.303913
2017.353289 -85.754421 -87.187932 2.303913
2017.372468 -85.454122 -87.196630 2.303913
2017.391646 -85.173990 -87.205208 2.303913
2017.410824 -84.913067 -87.213648 2.303913
2017.430002 -84.668924 -87.221945 2.303913
2017.449180 -84.441521 -87.230079 2.303913
2017.468358 -84.236735 -87.238039 2.303913
2017.487536 -84.068458 -87.245804 2.303913
2017.506714 -83.958556 -87.253363 2.303913
2017.525892 -83.934372 -87.260710 2.303913
2017.545070 -84.024096 -87.267827 2.303913
2017.564248 -84.250900 -87.274702 2.303913
2017.583426 -84.626992 -87.281323 2.303913
2017.602605 -85.148954 -87.287677 2.303913
2017.621783 -85.795497 -87.293759 2.303913
2017.640961 -86.528282 -87.299556 2.303913
2017.660139 -87.295956 -87.305064 2.303913
2017.679317 -88.040704 -87.310273 2.303913
2017.698495 -88.706277 -87.315176 2.303913
2017.717673 -89.245961 -87.319770 2.303913
2017.736851 -89.629025 -87.324050 2.303913
2017.756029 -89.844439 -87.328015 2.303913
2017.775207 -89.901207 -87.331661 2.303913
2017.794385 -89.825334 -87.334993 2.303913
2017.813563 -89.654090 -87.338011 2.303913
2017.832742 -89.428800 -87.340713 2.303913
2017.851920 -89.187640 -87.343110 2.303913
2017.871098 -88.959788 -87.345204 2.303913
2017.890276 -88.762079 -87.347000 2.303913
2017.909454 -88.598610 -87.348512 2.303913
2017.928632 -88.463131 -87.349745 2.303913
2017.947810 -88.343532 -87.350713 2.303913
2017.966988 -88.227164 -87.351426 2.303913
2017.986166 -88.105768 -87.351904 2.303913
2018.005344 -87.978761 -87.352157 2.303913
2018.024522 -87.854218 -87.352199 2.303913
2018.043700 -87.747326 -87.352054 2.303913
2018.062878 -87.676697 -87.351737 2.303913
2018.082057 -87.659525 -87.351270 2.303913
2018.101235 -87.706687 -87.350673 2.303913
2018.120413 -87.819019 -87.349967 2.303913
2018.139591 -87.985617 -87.349176 2.303913
2018.158769 -88.184630 -87.348323 2.303913
2018.177947 -88.386369 -87.347433 2.303913
2018.197125 -88.558079 -87.346526 2.303913
2018.216303 -88.669361 -87.345632 2.303913
2018.235481 -88.697044 -87.344777 2.303913
2018.254659 -88.628553 -87.343989 2.303913
2018.273837 -88.463094 -87.343291 2.303913
2018.293015 -88.210569 -87.342704 2.303913
2018.312194 -87.888609 -87.342260 2.303913
2018.331372 -87.518513 -87.341988 2.303913
2018.350550 -87.121172 -87.341913 2.303913
2018.369728 -86.713936 -87.342057 2.303913
2018.388906 -86.309178 -87.342451 2.303913
2018.408084 -85.914722 -87.343113 2.303913
2018.427262 -85.535989 -87.344072 2.303913
2018.446440 -85.179046 -87.345352 2.303913
2018.465618 -84.853650 -87.346977 2.303913
2018.484796 -84.575229 -87.348964 2.303913
2018.503974 -84.365055 -87.351338 2.303913
2018.523152 -84.248245 -87.354118 2.303913
2018.542331 -84.249805 -87.357325 2.303913
2018.561509 -84.389447 -87.360972 2.303913
2018.580687 -84.676313 -87.365087 2.303913
2018.599865 -85.104777 -87.369665 2.303913
2018.619043 -85.652580 -87.374738 2.303913
2018.638221 -86.281757 -87.380314 2.303913
2018.657399 -86.942656 -87.386402 2.303913
2018.676577 -87.580387 -87.393014 2.303913
2018.695755 -88.142637 -87.400159 2.303913
2018.714933 -88.587403 -87.407841 2.303913
2018.734111 -88.889194 -87.416066 2.303913
2018.753289 -89.042454 -87.424840 2.303913
2018.772468 -89.061555 -87.434162 2.303913
2018.791646 -88.977356 -87.444036 2.303913
2018.810824 -88.830993 -87.454462 2.303913
2018.830002 -88.666124 -87.465434 2.303913
2018.849180 -88.521189 -87.476952 2.303913
2018.868358 -88.423092 -87.489013 2.303913
2018.887536 -88.383539 -87.501606 2.303913
2018.906714 -88.398591 -87.514720 2.303913
2018.925892 -88.451347 -87.528356 2.303913
2018.945070 -88.517007 -87.542502 2.303913
2018.964248 -88.569166 -87.557144 2.303913
2018.983426 -88.585911 -87.572274 2.303913
2019.002605 -88.554436 -87.587873 2.303913
2019.021783 -88.473290 -87.603932 2.303913
2019.040961 -88.351874 -87.620434 2.303913
2019.060139 -88.207512 -87.637364 2.303913
2019.079317 -88.060865 -87.654709 2.303913
2019.098495 -87.930843 -87.672450 2.303913
2019.117673 -87.830216 -87.690567 2.303913
2019.136851 -87.762921 -87.709046 2.303913
2019.156029 -87.723595 -87.727870 2.303913
2019.175207 -87.699368 -87.747022 2.303913
2019.194385 -87.673389 -87.766481 2.303913
2019.213563 -87.629181 -87.786229 2.303913
2019.232742 -87.554757 -87.806251 2.303913
2019.251920 -87.445475 -87.826526 2.303913
2019.271098 -87.305063 -87.847036 2.303913
2019.290276 -87.144564 -87.867767 2.303913
2019.309454 -86.979569 -87.888699 2.303913
2019.328632 -86.826503 -87.909817 2.303913
2019.347810 -86.698934 -87.931104 2.303913
2019.366988 -86.604863 -87.952548 2.303913
2019.386166 -86.545717 -87.974132 2.303913
2019.405344 -86.517281 -87.995829 2.303913
2019.424522 -86.512403 -88.017645 2.303913
2019.443700 -86.524598 -88.039558 2.303913
2019.462878 -86.551752 -88.061559 2.303913
2019.482057 -86.598711 -88.083628 2.303913
2019.501235 -86.678040 -88.105767 2.303913
2019.520413 -86.808405 -88.127957 2.303913
2019.539591 -87.010851 -88.150193 2.303913
2019.558769 -87.303584 -88.172472 2.303913
2019.577947 -87.696356 -88.194779 2.303913
2019.597125 -88.185804 -88.217108 2.303913
2019.616303 -88.752845 -88.239463 2.303913
2019.635481 -89.362917 -88.261827 2.303913
2019.654659 -89.969378 -88.284207 2.303913
2019.673837 -90.519474 -88.306587 2.303913
2019.693015 -90.962028 -88.328981 2.303913
2019.712194 -91.255276 -88.351380 2.303913
2019.731372 -91.373501 -88.373787 2.303913
2019.750550 -91.311089 -88.396200 2.303913
2019.769728 -91.083257 -88.418619 2.303913
2019.788906 -90.723290 -88.441047 2.303913
2019.808084 -90.276862 -88.463488 2.303913
2019.827262 -89.794542 -88.485943 2.303913
2019.846440 -89.323974 -88.508414 2.303913
2019.865618 -88.903197 -88.530911 2.303913
2019.884796 -88.556315 -88.553433 2.303913
2019.903974 -88.292207 -88.575985 2.303913
2019.923152 -88.106304 -88.598567 2.303913
2019.942331 -87.984808 -88.621194 2.303913
2019.961509 -87.910225 -88.643868 2.303913
2019.980687 -87.866924 -88.666594 2.303913
2019.999865 -87.845424 -88.689379 2.303913
2020.019043 -87.844496 -88.712228 2.303913
2020.038221 -87.870691 -88.735147 2.303913
2020.057399 -87.935547 -88.758143 2.303913
2020.076577 -88.051219 -88.781222 2.303913
2020.095755 -88.225663 -88.804391 2.303913
2020.114933 -88.458571 -88.827651 2.303913
2020.134111 -88.739091 -88.851015 2.303913
2020.153289 -89.045849 -88.874486 2.303913
2020.172468 -89.349392 -88.898068 2.303913
2020.191646 -89.616486 -88.921769 2.303913
2020.210824 -89.815347 -88.945592 2.303913
2020.230002 -89.920700 -88.969551 2.303913
2020.249180 -89.917531 -88.993635 2.303913
2020.268358 -89.802930 -89.017864 2.303913
2020.287536 -89.585533 -89.042233 2.303913
2020.306714 -89.283049 -89.066750 2.303913
2020.325892 -88.918401 -89.091422 2.303913
2020.345070 -88.515570 -89.116250 2.303913
2020.364248 -88.096127 -89.141239 2.303913
2020.383426 -87.677249 -89.166393 2.303913
2020.402605 -87.271606 -89.191714 2.303913
2020.421783 -86.888986 -89.217207 2.303913
2020.440961 -86.539073 -89.242876 2.303913
2020.460139 -86.234419 -89.268724 2.303913
2020.479317 -85.992612 -89.294750 2.303913
2020.498495 -85.836782 -89.320955 2.303913
2020.517673 -85.793953 -89.347351 2.303913
2020.536851 -85.891303 -89.373932 2.303913
2020.556029 -86.151022 -89.400703 2.303913
2020.575207 -86.584726 -89.427667 2.303913
2020.594385 -87.188728 -89.454824 2.303913
2020.613563 -87.941369 -89.482177 2.303913
2020.632742 -88.803219 -89.509726 2.303913
2020.651920 -89.720423 -89.537475 2.303913
2020.671098 -90.630848 -89.565422 2.303913
2020.690276 -91.472025 -89.593571 2.303913
2020.709454 -92.189507 -89.621920 2.303913
2020.728632 -92.744127 -89.650468 2.303913
2020.747810 -93.116792 -89.679222 2.303913
2020.766988 -93.309918 -89.708178 2.303913
2020.786166 -93.345298 -89.737332 2.303913
2020.805344 -93.258854 -89.766689 2.303913
2020.824522 -93.093334 -89.796245 2.303913
2020.843700 -92.890433 -89.826000 2.303913
2020.862878 -92.683849 -89.855953 2.303913
2020.882057 -92.494576 -89.886098 2.303913
2020.901235 -92.329235 -89.916438 2.303913
2020.920413 -92.181536 -89.946968 2.303913
2020.939591 -92.036395 -89.977680 2.303913
2020.958769 -91.875610 -90.008570 2.303913
2020.977947 -91.683766 -90.039633 2.303913
2020.997125 -91.453036 -90.070870 2.303913
2021.016303 -91.185833 -90.102266 2.303913
2021.035481 -90.894854 -90.133816 2.303913
2021.054659 -90.600569 -90.165514 2.303913
2021.073837 -90.326837 -90.197347 2.303913
2021.093015 -90.095737 -90.229306 2.303913
2021.112194 -89.922801 -90.261383 2.303913
2021.131372 -89.813715 -90.293560 2.303913
2021.150550 -89.763232 -90.325823 2.303913
2021.169728 -89.756420 -90.358162 2.303913
2021.188906 -89.771895 -90.390558 2.303913
2021.208084 -89.786261 -90.422997 2.303913
2021.227262 -89.778656 -90.455460 2.303913
2021.246440 -89.734422 -90.487928 2.303913
2021.265618 -89.647108 -90.520380 2.303913
2021.284796 -89.518476 -90.552795 2.303913
2021.303974 -89.356676 -90.585149 2.303913
2021.323152 -89.173230 -90.617421 2.303913
2021.342331 -88.979686 -90.649583 2.303913
2021.361509 -88.784937 -90.681612 2.303913
2021.380687 -88.593923 -90.713480 2.303913
2021.399865 -88.408117 -90.745154 2.303913
2021.419043 -88.227652 -90.776612 2.303913
2021.438221 -88.054459 -90.807820 2.303913
2021.457399 -87.895562 -90.838750 2.303913
2021.476577 -87.765410 -90.869368 2.303913
2021.495755 -87.686423 -90.899645 2.303913
2021.514933 -87.687230 -90.929547 2.303913
2021.534111 -87.798655 -90.959040 2.303913
2021.553289 -88.048066 -90.988091 2.303913
2021.572468 -88.453151 -91.016667 2.303913
2021.591646 -89.016436 -91.044737 2.303913
2021.610824 -89.721816 -91.072262 2.303913
2021.630002 -90.534047 -91.099212 2.303913
2021.649180 -91.401566 -91.125551 2.303913
2021.668358 -92.262374 -91.151248 2.303913
2021.687536 -93.052059 -91.176275 2.303913
2021.706714 -93.712555 -91.200604 2.303913
2021.725892 -94.200093 -91.224197 2.303913
2021.745070 -94.490893 -91.247017 2.303913
2021.764248 -94.583592 -91.269044 2.303913
2021.783426 -94.497958 -91.290258 2.303913
2021.802605 -94.270290 -91.310627 2.303913
2021.821783 -93.946487 -91.330133 2.303913
2021.840961 -93.574115 -91.348749 2.303913
2021.860139 -93.195089 -91.366458 2.303913
2021.879317 -92.840283 -91.383243 2.303913
2021.898495 -92.526966 -91.399091 2.303913
2021.917673 -92.259337 -91.413988 2.303913
2021.936851 -92.031749 -91.427921 2.303913
2021.956029 -91.833667 -91.440887 2.303913
2021.975207 -91.655057 -91.452881 2.303913
2021.994385 -91.490924 -91.463901 2.303913
2022.013563 -91.343934 -91.473951 2.303913
2022.032742 -91.224547 -91.483030 2.303913
2022.051920 -91.148740 -91.491148 2.303913
2022.071098 -91.133887 -91.498321 2.303913
2022.090276 -91.193848 -91.504561 2.303913
2022.109454 -91.334469 -91.509882 2.303913
2022.128632 -91.550584 -91.514308 2.303913
2022.147810 -91.825241 -91.517862 2.303913
2022.166988 -92.131367 -91.520573 2.303913
2022.186166 -92.435541 -91.522473 2.303913
2022.205344 -92.703033 -91.523595 2.303913
2022.224522 -92.903055 -91.523970 2.303913
2022.243700 -93.013113 -91.523646 2.303913
2022.262878 -93.021577 -91.522663 2.303913
2022.282057 -92.928074 -91.521074 2.303913
2022.301235 -92.741755 -91.518923 2.303913
2022.320413 -92.478053 -91.516255 2.303913
2022.339591 -92.154827 -91.513130 2.303913
2022.358769 -91.788858 -91.509606 2.303913
2022.377947 -91.393622 -91.505742 2.303913
2022.397125 -90.978809 -91.501601 2.303913
2022.416303 -90.551616 -91.497242 2.303913
2022.435481 -90.119340 -91.492733 2.303913
2022.454659 -89.692411 -91.488137 2.303913
2022.473837 -89.286881 -91.483520 2.303913
2022.493015 -88.925425 -91.478951 2.303913
2022.512194 -88.636279 -91.474498 2.303913
2022.531372 -88.450049 -91.470235 2.303913
2022.550550 -88.394817 -91.466227 2.303913
2022.569728 -88.490552 -91.462542 2.303913
2022.588906 -88.743976 -91.459256 2.303913
2022.608084 -89.145135 -91.456432 2.303913
2022.627262 -89.666636 -91.454137 2.303913
2022.646440 -90.265960 -91.452443 2.303913
2022.665618 -90.890660 -91.451411 2.303913
2022.684796 -91.485662 -91.451105 2.303913
2022.703974 -92.001317 -91.451589 2.303913
2022.723152 -92.400766 -91.452922 2.303913
2022.742331 -92.665170 -91.455161 2.303913
2022.761509 -92.795817 -91.458363 2.303913
2022.780687 -92.812692 -91.462579 2.303913
2022.799865 -92.749817 -91.467858 2.303913
2022.819043 -92.648300 -91.474250 2.303913
2022.838221 -92.548472 -91.481795 2.303913
2022.857399 -92.482667 -91.490530 2.303913
2022.876577 -92.470023 -91.500494 2.303913
2022.895755 -92.514209 -91.511716 2.303913
2022.914933 -92.604410 -91.524226 2.303913
2022.934111 -92.719162 -91.538049 2.303913
2022.953289 -92.832082 -91.553200 2.303913
2022.972468 -92.918185 -91.569697 2.303913
2022.991646 -92.959376 -91.587554 2.303913
2023.010824 -92.947992 -91.606776 2.303913
2023.030002 -92.887721 -91.627359 2.303913
2023.049180 -92.791864 -91.649311 2.303913
2023.068358 -92.679396 -91.672618 2.303913
2023.087536 -92.569948 -91.697265 2.303913
2023.106714 -92.478844 -91.723247 2.303913
2023.125892 -92.413340 -91.750542 2.303913
2023.145070 -92.370944 -91.779121 2.303913
2023.164248 -92.340132 -91.808962 2.303913
2023.183426 -92.303162 -91.840031 2.303913
2023.202605 -92.240340 -91.872290 2.303913
2023.221783 -92.134647 -91.905703 2.303913
2023.240961 -91.975652 -91.940227 2.303913
2023.260139 -91.761826 -91.975814 2.303913
2023.279317 -91.500777 -92.012413 2.303913
2023.298495 -91.207447 -92.049974 2.303913
2023.317673 -90.900787 -92.088442 2.303913
2023.336851 -90.599810 -92.127760 2.303913
2023.356029 -90.320038 -92.167867 2.303913
2023.375207 -90.071253 -92.208701 2.303913
2023.394385 -89.857099 -92.250200 2.303913
2023.413563 -89.676613 -92.292297 2.303913
2023.432742 -89.527249 -92.334930 2.303913
2023.451920 -89.408549 -92.378025 2.303913
2023.471098 -89.325421 -92.421516 2.303913
2023.490276 -89.290023 -92.465339 2.303913
2023.509454 -89.321541 -92.509425 2.303913
2023.528632 -89.443686 -92.553704 2.303913
2023.547810 -89.680251 -92.598094 2.303913
2023.566988 -90.049631 -92.642544 2.303913
2023.586166 -90.559381 -92.686986 2.303913
2023.605344 -91.202198 -92.731351 2.303913
2023.624522 -91.954299 -92.775576 2.303913
2023.643700 -92.776742 -92.819596 2.303913
2023.662878 -93.619696 -92.863351 2.303913
2023.682057 -94.428954 -92.906791 2.303913
2023.701235 -95.153479 -92.949844 2.303913
2023.720413 -95.752672 -92.992463 2.303913
2023.739591 -96.201804 -93.034601 2.303913
2023.758769 -96.494649 -93.076207 2.303913
2023.777947 -96.642808 -93.117233 2.303913
2023.797125 -96.671903 -93.157638 2.303913
2023.816303 -96.615445 -93.197385 2.303913
2023.835481 -96.507686 -93.236437 2.303913
2023.854659 -96.376929 -93.274759 2.303913
2023.873837 -96.240658 -93.312327 2.303913
2023.893015 -96.103408 -93.349109 2.303913
2023.912194 -95.957763 -93.385089 2.303913
2023.931372 -95.788083 -93.420252 2.303913
2023.950550 -95.576079 -93.454568 2.303913
2023.969728 -95.306989 -93.488037 2.303913
2023.988906 -94.974837 -93.520656 2.303913
2024.008084 -94.585698 -93.552414 2.303913
2024.027262 -94.158266 -93.583316 2.303913
2024.046440 -93.721547 -93.613364 2.303913
2024.065618 -93.310259 -93.642562 2.303913
2024.084796 -92.958925 -93.670921 2.303913
2024.103974 -92.695911 -93.698458 2.303913
2024.123152 -92.538642 -93.725186 2.303913
2024.142331 -92.490979 -93.751123 2.303913
2024.161509 -92.543150 -93.776297 2.303913
2024.180687 -92.674119 -93.800725 2.303913
2024.199865 -92.855795 -93.824434 2.303913
2024.219043 -93.058018 -93.847460 2.303913
2024.238221 -93.253226 -93.869833 2.303913
2024.257399 -93.419884 -93.891584 2.303913
2024.276577 -93.544052 -93.912747 2.303913
2024.295755 -93.619007 -93.933363 2.303913
2024.314933 -93.643298 -93.953470 2.303913
2024.334111 -93.618042 -93.973108 2.303913
2024.353289 -93.544354 -93.992317 2.303913
2024.372468 -93.421788 -94.011127 2.303913
2024.391646 -93.248365 -94.029591 2.303913
2024.410824 -93.022180 -94.047752 2.303913
2024.430002 -92.744298 -94.065650 2.303913
2024.449180 -92.422078 -94.083330 2.303913
2024.468358 -92.071890 -94.100831 2.303913
2024.487536 -91.720311 -94.118190 2.303913
2024.506714 -91.403084 -94.135453 2.303913
2024.525892 -91.161633 -94.152665 2.303913
2024.545070 -91.037561 -94.169866 2.303913
2024.564248 -91.065992 -94.187083 2.303913
2024.583426 -91.269103 -94.204361 2.303913
2024.602605 -91.651062 -94.221738 2.303913
2024.621783 -92.195614 -94.239246 2.303913
2024.640961 -92.866957 -94.256922 2.303913
2024.660139 -93.613934 -94.274790 2.303913
2024.679317 -94.376953 -94.292891 2.303913
2024.698495 -95.096357 -94.311240 2.303913
2024.717673 -95.720874 -94.329871 2.303913
2024.736851 -96.214452 -94.348805 2.303913
2024.756029 -96.560377 -94.368071 2.303913
2024.775207 -96.761879 -94.387680 2.303913
2024.794385 -96.839331 -94.407648 2.303913
2024.813563 -96.824654 -94.428003 2.303913
2024.832742 -96.754125 -94.448746 2.303913
2024.851920 -96.661180 -94.469896 2.303913
2024.871098 -96.570542 -94.491461 2.303913
2024.894708 -96.477172 -94.519431 2.303913
