# x_interp smoothed_curve trend rsd2
1995.171560 -76.377379 -79.156728 0.581950
1995.190738 -76.518932 -79.134700 0.581950
1995.209916 -76.689662 -79.112248 0.581950
1995.229094 -76.868474 -79.089361 0.581950
1995.248272 -77.042603 -79.066030 0.581950
1995.267450 -77.209531 -79.042247 0.581950
1995.286628 -77.376430 -79.018004 0.581950
1995.305807 -77.557250 -78.993299 0.581950
1995.324985 -77.768142 -78.968126 0.581950
1995.344163 -78.022269 -78.942487 0.581950
1995.363341 -78.325202 -78.916380 0.581950
1995.382519 -78.671988 -78.889808 0.581950
1995.401697 -79.046608 -78.862775 0.581950
1995.420875 -79.423994 -78.835286 0.581950
1995.440053 -79.774234 -78.807350 0.581950
1995.459231 -80.068080 -78.778976 0.581950
1995.478409 -80.282582 -78.750173 0.581950
1995.497587 -80.405634 -78.720955 0.581950
1995.516765 -80.438439 -78.691336 0.581950
1995.535944 -80.395373 -78.661331 0.581950
1995.555122 -80.301234 -78.630958 0.581950
1995.574300 -80.186484 -78.600235 0.581950
1995.593478 -80.081470 -78.569181 0.581950
1995.612656 -80.010823 -78.537818 0.581950
1995.631834 -79.989189 -78.506167 0.581950
1995.651012 -80.019111 -78.474252 0.581950
1995.670190 -80.091418 -78.442097 0.581950
1995.689368 -80.187901 -78.409727 0.581950
1995.708546 -80.285606 -78.377167 0.581950
1995.727724 -80.361708 -78.344443 0.581950
1995.746902 -80.397873 -78.311582 0.581950
1995.766081 -80.383183 -78.278611 0.581950
1995.785259 -80.315048 -78.245557 0.581950
1995.804437 -80.198068 -78.212447 0.581950
1995.823615 -80.041237 -78.179308 0.581950
1995.842793 -79.854342 -78.146167 0.581950
1995.861971 -79.644508 -78.113051 0.581950
1995.881149 -79.413836 -78.079986 0.581950
1995.900327 -79.158760 -78.046997 0.581950
1995.919505 -78.871335 -78.014110 0.581950
1995.938683 -78.542132 -77.981348 0.581950
1995.957861 -78.164053 -77.948735 0.581950
1995.977039 -77.736064 -77.916294 0.581950
1995.996218 -77.265882 -77.884044 0.581950
1996.015396 -76.770817 -77.852006 0.581950
1996.034574 -76.276422 -77.820199 0.581950
1996.053752 -75.813102 -77.788640 0.581950
1996.072930 -75.411307 -77.757344 0.581950
1996.092108 -75.096317 -77.726326 0.581950
1996.111286 -74.883734 -77.695598 0.581950
1996.130464 -74.776703 -77.665172 0.581950
1996.149642 -74.765498 -77.635056 0.581950
1996.168820 -74.829640 -77.605258 0.581950
1996.187998 -74.942129 -77.575784 0.581950
1996.207176 -75.074908 -77.546638 0.581950
1996.226355 -75.204418 -77.517823 0.581950
1996.245533 -75.316039 -77.489338 0.581950
1996.264711 -75.406469 -77.461183 0.581950
1996.283889 -75.483550 -77.433355 0.581950
1996.303067 -75.563582 -77.405850 0.581950
1996.322245 -75.666749 -77.378661 0.581950
1996.341423 -75.811680 -77.351781 0.581950
1996.360601 -76.010370 -77.325200 0.581950
1996.379779 -76.264602 -77.298908 0.581950
1996.398957 -76.564680 -77.272893 0.581950
1996.418135 -76.890760 -77.247142 0.581950
1996.437313 -77.216512 -77.221640 0.581950
1996.456492 -77.514306 -77.196373 0.581950
1996.475670 -77.760782 -77.171324 0.581950
1996.494848 -77.941602 -77.146475 0.581950
1996.514026 -78.054321 -77.121809 0.581950
1996.533204 -78.108775 -77.097308 0.581950
1996.552382 -78.124890 -77.072952 0.581950
1996.571560 -78.128415 -77.048723 0.581950
1996.590738 -78.145479 -77.024601 0.581950
1996.609916 -78.197172 -77.000567 0.581950
1996.629094 -78.295277 -76.976601 0.581950
1996.648272 -78.440031 -76.952684 0.581950
1996.667450 -78.620325 -76.928797 0.581950
1996.686628 -78.816213 -76.904923 0.581950
1996.705807 -79.003091 -76.881043 0.581950
1996.724985 -79.156581 -76.857140 0.581950
1996.744163 -79.256997 -76.833199 0.581950
1996.763341 -79.292459 -76.809205 0.581950
1996.782519 -79.260029 -76.785143 0.581950
1996.801697 -79.164736 -76.761001 0.581950
1996.820875 -79.016879 -76.736767 0.581950
1996.840053 -78.828362 -76.712431 0.581950
1996.859231 -78.609062 -76.687985 0.581950
1996.878409 -78.364160 -76.663423 0.581950
1996.897587 -78.093152 -76.638737 0.581950
1996.916765 -77.790778 -76.613926 0.581950
1996.935944 -77.449667 -76.588987 0.581950
1996.955122 -77.064006 -76.563920 0.581950
1996.974300 -76.633295 -76.538726 0.581950
1996.993478 -76.165191 -76.513411 0.581950
1997.012656 -75.676600 -76.487978 0.581950
1997.031834 -75.192618 -76.462436 0.581950
1997.051012 -74.743371 -76.436793 0.581950
1997.070190 -74.359354 -76.411062 0.581950
1997.089368 -74.066206 -76.385255 0.581950
1997.108546 -73.880058 -76.359386 0.581950
1997.127724 -73.804497 -76.333473 0.581950
1997.146902 -73.829850 -76.307532 0.581950
1997.166081 -73.935029 -76.281585 0.581950
1997.185259 -74.091587 -76.255651 0.581950
1997.204437 -74.269178 -76.229755 0.581950
1997.223615 -74.441264 -76.203919 0.581950
1997.242793 -74.589889 -76.178169 0.581950
1997.261971 -74.708485 -76.152532 0.581950
1997.281149 -74.802153 -76.127035 0.581950
1997.300327 -74.885371 -76.101705 0.581950
1997.319505 -74.977679 -76.076573 0.581950
1997.338683 -75.098305 -76.051669 0.581950
1997.357861 -75.260953 -76.027021 0.581950
1997.377039 -75.469919 -76.002661 0.581950
1997.396218 -75.718403 -75.978621 0.581950
1997.415396 -75.989395 -75.954929 0.581950
1997.434574 -76.258946 -75.931619 0.581950
1997.453752 -76.501089 -75.908720 0.581950
1997.472930 -76.693320 -75.886262 0.581950
1997.492108 -76.821415 -75.864276 0.581950
1997.511286 -76.882515 -75.842791 0.581950
1997.530464 -76.885792 -75.821836 0.581950
1997.549642 -76.850542 -75.801437 0.581950
1997.568820 -76.802114 -75.781623 0.581950
1997.587998 -76.766572 -75.762418 0.581950
1997.607176 -76.765220 -75.743846 0.581950
1997.626355 -76.810188 -75.725931 0.581950
1997.645533 -76.901974 -75.708695 0.581950
1997.664711 -77.029441 -75.692156 0.581950
1997.683889 -77.172207 -75.676335 0.581950
1997.703067 -77.304829 -75.661247 0.581950
1997.722245 -77.401853 -75.646907 0.581950
1997.741423 -77.442590 -75.633328 0.581950
1997.760601 -77.414623 -75.620523 0.581950
1997.779779 -77.315343 -75.608499 0.581950
1997.798957 -77.151307 -75.597265 0.581950
1997.818135 -76.935698 -75.586825 0.581950
1997.837313 -76.684621 -75.577184 0.581950
1997.856492 -76.413184 -75.568342 0.581950
1997.875670 -76.132356 -75.560300 0.581950
1997.894848 -75.847355 -75.553055 0.581950
1997.914026 -75.557916 -75.546602 0.581950
1997.933204 -75.260322 -75.540935 0.581950
1997.952382 -74.950600 -75.536047 0.581950
1997.971560 -74.628020 -75.531927 0.581950
1997.990738 -74.297896 -75.528564 0.581950
1998.009916 -73.972870 -75.525945 0.581950
1998.029094 -73.672208 -75.524055 0.581950
1998.048272 -73.419109 -75.522877 0.581950
1998.067450 -73.236552 -75.522396 0.581950
1998.086628 -73.142549 -75.522591 0.581950
1998.105807 -73.145921 -75.523443 0.581950
1998.124985 -73.243602 -75.524930 0.581950
1998.144163 -73.420204 -75.527032 0.581950
1998.163341 -73.650098 -75.529725 0.581950
1998.182519 -73.901690 -75.532986 0.581950
1998.201697 -74.143095 -75.536790 0.581950
1998.220875 -74.348051 -75.541114 0.581950
1998.240053 -74.500865 -75.545932 0.581950
1998.259231 -74.599296 -75.551220 0.581950
1998.278409 -74.654774 -75.556953 0.581950
1998.297587 -74.689848 -75.563105 0.581950
1998.316765 -74.733374 -75.569653 0.581950
1998.335944 -74.814434 -75.576570 0.581950
1998.355122 -74.956232 -75.583834 0.581950
1998.374300 -75.171238 -75.591421 0.581950
1998.393478 -75.458555 -75.599308 0.581950
1998.412656 -75.804025 -75.607472 0.581950
1998.431834 -76.183001 -75.615893 0.581950
1998.451012 -76.565141 -75.624548 0.581950
1998.470190 -76.920156 -75.633419 0.581950
1998.489368 -77.223298 -75.642487 0.581950
1998.508546 -77.459416 -75.651735 0.581950
1998.527724 -77.624787 -75.661145 0.581950
1998.546902 -77.726425 -75.670702 0.581950
1998.566081 -77.779130 -75.680391 0.581950
1998.585259 -77.801037 -75.690201 0.581950
1998.604437 -77.808743 -75.700119 0.581950
1998.623615 -77.813131 -75.710134 0.581950
1998.642793 -77.816849 -75.720238 0.581950
1998.661971 -77.813961 -75.730423 0.581950
1998.681149 -77.791804 -75.740681 0.581950
1998.700327 -77.734545 -75.751008 0.581950
1998.719505 -77.627562 -75.761398 0.581950
1998.738683 -77.461596 -75.771848 0.581950
1998.757861 -77.235670 -75.782355 0.581950
1998.777039 -76.958102 -75.792919 0.581950
1998.796218 -76.645374 -75.803538 0.581950
1998.815396 -76.319129 -75.814213 0.581950
1998.834574 -76.002021 -75.824945 0.581950
1998.853752 -75.713377 -75.835735 0.581950
1998.872930 -75.465711 -75.846585 0.581950
1998.892108 -75.262874 -75.857499 0.581950
1998.911286 -75.100264 -75.868479 0.581950
1998.930464 -74.967026 -75.879528 0.581950
1998.949642 -74.849665 -75.890649 0.581950
1998.968820 -74.736198 -75.901846 0.581950
1998.987998 -74.619810 -75.913123 0.581950
1999.007176 -74.501095 -75.924481 0.581950
1999.026355 -74.388305 -75.935924 0.581950
1999.045533 -74.295505 -75.947454 0.581950
1999.064711 -74.239031 -75.959073 0.581950
1999.083889 -74.233070 -75.970782 0.581950
1999.103067 -74.285445 -75.982581 0.581950
1999.122245 -74.394624 -75.994471 0.581950
1999.141423 -74.548775 -76.006449 0.581950
1999.160601 -74.727188 -76.018512 0.581950
1999.179779 -74.903882 -76.030658 0.581950
1999.198957 -75.052685 -76.042882 0.581950
1999.218135 -75.152715 -76.055178 0.581950
1999.237313 -75.193062 -76.067538 0.581950
1999.256492 -75.175615 -76.079955 0.581950
1999.275670 -75.115341 -76.092417 0.581950
1999.294848 -75.037880 -76.104914 0.581950
1999.314026 -74.974875 -76.117434 0.581950
1999.333204 -74.957977 -76.129961 0.581950
1999.352382 -75.012731 -76.142479 0.581950
1999.371560 -75.153614 -76.154972 0.581950
1999.390738 -75.381237 -76.167421 0.581950
1999.409916 -75.682268 -76.179806 0.581950
1999.429094 -76.032067 -76.192105 0.581950
1999.448272 -76.399449 -76.204295 0.581950
1999.467450 -76.752535 -76.216351 0.581950
1999.486628 -77.064467 -76.228248 0.581950
1999.505807 -77.317804 -76.239959 0.581950
1999.524985 -77.506730 -76.251458 0.581950
1999.544163 -77.636706 -76.262714 0.581950
1999.563341 -77.721774 -76.273698 0.581950
1999.582519 -77.780207 -76.284380 0.581950
1999.601697 -77.829562 -76.294729 0.581950
1999.620875 -77.882282 -76.304712 0.581950
1999.640053 -77.942824 -76.314297 0.581950
1999.659231 -78.006928 -76.323452 0.581950
1999.678409 -78.063095 -76.332145 0.581950
1999.697587 -78.095874 -76.340342 0.581950
1999.716765 -78.090095 -76.348010 0.581950
1999.735944 -78.035009 -76.355118 0.581950
1999.755122 -77.927326 -76.361633 0.581950
1999.774300 -77.772416 -76.367524 0.581950
1999.793478 -77.583385 -76.372760 0.581950
1999.812656 -77.378254 -76.377311 0.581950
1999.831834 -77.175914 -76.381147 0.581950
1999.851012 -76.991826 -76.384241 0.581950
1999.870190 -76.834513 -76.386566 0.581950
1999.889368 -76.703691 -76.388098 0.581950
1999.908546 -76.590512 -76.388811 0.581950
1999.927724 -76.479898 -76.388684 0.581950
1999.946902 -76.354445 -76.387696 0.581950
1999.966081 -76.198998 -76.385829 0.581950
1999.985259 -76.004830 -76.383065 0.581950
2000.004437 -75.772434 -76.379391 0.581950
2000.023615 -75.512247 -76.374793 0.581950
2000.042793 -75.243086 -76.369261 0.581950
2000.061971 -74.988617 -76.362787 0.581950
2000.081149 -74.772627 -76.355365 0.581950
2000.100327 -74.614144 -76.346992 0.581950
2000.119505 -74.523529 -76.337667 0.581950
2000.138683 -74.500416 -76.327391 0.581950
2000.157861 -74.534000 -76.316168 0.581950
2000.177039 -74.605616 -76.304003 0.581950
2000.196218 -74.693043 -76.290906 0.581950
2000.215396 -74.775574 -76.276887 0.581950
2000.234574 -74.838694 -76.261960 0.581950
2000.253752 -74.877306 -76.246140 0.581950
2000.272930 -74.896756 -76.229444 0.581950
2000.292108 -74.911411 -76.211892 0.581950
2000.311286 -74.941086 -76.193505 0.581950
2000.330464 -75.006125 -76.174308 0.581950
2000.349642 -75.122247 -76.154326 0.581950
2000.368820 -75.296330 -76.133586 0.581950
2000.387998 -75.524118 -76.112117 0.581950
2000.407176 -75.790395 -76.089948 0.581950
2000.426355 -76.071650 -76.067112 0.581950
2000.445533 -76.340661 -76.043641 0.581950
2000.464711 -76.572036 -76.019569 0.581950
2000.483889 -76.747474 -75.994930 0.581950
2000.503067 -76.859613 -75.969759 0.581950
2000.522245 -76.913586 -75.944092 0.581950
2000.541423 -76.925948 -75.917964 0.581950
2000.560601 -76.921159 -75.891413 0.581950
2000.579779 -76.926387 -75.864474 0.581950
2000.598957 -76.965721 -75.837183 0.581950
2000.618135 -77.055011 -75.809575 0.581950
2000.637313 -77.198436 -75.781686 0.581950
2000.656492 -77.387452 -75.753550 0.581950
2000.675670 -77.602334 -75.725200 0.581950
2000.694848 -77.815882 -75.696669 0.581950
2000.714026 -77.998480 -75.667988 0.581950
2000.733204 -78.123383 -75.639187 0.581950
2000.752382 -78.171118 -75.610294 0.581950
2000.771560 -78.132127 -75.581337 0.581950
2000.790738 -78.007198 -75.552341 0.581950
2000.809916 -77.805752 -75.523329 0.581950
2000.829094 -77.542538 -75.494323 0.581950
2000.848272 -77.233635 -75.465343 0.581950
2000.867450 -76.892776 -75.436406 0.581950
2000.886628 -76.528898 -75.407527 0.581950
2000.905807 -76.145470 -75.378721 0.581950
2000.924985 -75.741716 -75.349998 0.581950
2000.944163 -75.315333 -75.321368 0.581950
2000.963341 -74.865932 -75.292837 0.581950
2000.982519 -74.398244 -75.264409 0.581950
2001.001697 -73.924137 -75.236088 0.581950
2001.020875 -73.462812 -75.207873 0.581950
2001.040053 -73.038921 -75.179763 0.581950
2001.059231 -72.678926 -75.151754 0.581950
2001.078409 -72.406413 -75.123841 0.581950
2001.097587 -72.237394 -75.096016 0.581950
2001.116765 -72.176690 -75.068270 0.581950
2001.135944 -72.216285 -75.040592 0.581950
2001.155122 -72.336136 -75.012969 0.581950
2001.174300 -72.507398 -74.985389 0.581950
2001.193478 -72.697484 -74.957836 0.581950
2001.212656 -72.875955 -74.930296 0.581950
2001.231834 -73.020032 -74.902750 0.581950
2001.251012 -73.118581 -74.875183 0.581950
2001.270190 -73.173720 -74.847576 0.581950
2001.289368 -73.199712 -74.819911 0.581950
2001.308546 -73.219374 -74.792171 0.581950
2001.327724 -73.258773 -74.764338 0.581950
2001.346902 -73.341336 -74.736394 0.581950
2001.366081 -73.482639 -74.708323 0.581950
2001.385259 -73.686956 -74.680107 0.581950
2001.404437 -73.946291 -74.651732 0.581950
2001.423615 -74.242056 -74.623184 0.581950
2001.442793 -74.548972 -74.594450 0.581950
2001.461971 -74.840309 -74.565519 0.581950
2001.481149 -75.093308 -74.536381 0.581950
2001.500327 -75.293578 -74.507030 0.581950
2001.519505 -75.437552 -74.477458 0.581950
2001.538683 -75.532491 -74.447665 0.581950
2001.557861 -75.594127 -74.417648 0.581950
2001.577039 -75.642504 -74.387410 0.581950
2001.596218 -75.697030 -74.356954 0.581950
2001.615396 -75.771849 -74.326290 0.581950
2001.634574 -75.872597 -74.295426 0.581950
2001.653752 -75.995233 -74.264376 0.581950
2001.672930 -76.127158 -74.233156 0.581950
2001.692108 -76.250323 -74.201786 0.581950
2001.711286 -76.345539 -74.170287 0.581950
2001.730464 -76.396961 -74.138687 0.581950
2001.749642 -76.395691 -74.107014 0.581950
2001.768820 -76.341642 -74.075299 0.581950
2001.787998 -76.243261 -74.043579 0.581950
2001.807176 -76.115174 -74.011891 0.581950
2001.826355 -75.974349 -73.980276 0.581950
2001.845533 -75.835684 -73.948779 0.581950
2001.864711 -75.708099 -73.917446 0.581950
2001.883889 -75.592078 -73.886327 0.581950
2001.903067 -75.479261 -73.855474 0.581950
2001.922245 -75.354232 -73.824941 0.581950
2001.941423 -75.198115 -73.794784 0.581950
2001.960601 -74.993164 -73.765062 0.581950
2001.979779 -74.727294 -73.735835 0.581950
2001.998957 -74.397512 -73.707164 0.581950
2002.018135 -74.011423 -73.679111 0.581950
2002.037313 -73.586449 -73.651742 0.581950
2002.056492 -73.146907 -73.625119 0.581950
2002.075670 -72.719584 -73.599308 0.581950
2002.094848 -72.328800 -73.574373 0.581950
2002.114026 -71.992064 -73.550381 0.581950
2002.133204 -71.717314 -73.527395 0.581950
2002.152382 -71.502353 -73.505479 0.581950
2002.171560 -71.336604 -73.484695 0.581950
2002.190738 -71.204764 -73.465106 0.581950
2002.209916 -71.091502 -73.446770 0.581950
2002.229094 -70.986091 -73.429745 0.581950
2002.248272 -70.885873 -73.414086 0.581950
2002.267450 -70.797708 -73.399845 0.581950
2002.286628 -70.737019 -73.387072 0.581950
2002.305807 -70.724589 -73.375814 0.581950
2002.324985 -70.781796 -73.366113 0.581950
2002.344163 -70.925329 -73.358009 0.581950
2002.363341 -71.162582 -73.351537 0.581950
2002.382519 -71.488795 -73.346727 0.581950
2002.401697 -71.886624 -73.343606 0.581950
2002.420875 -72.328319 -73.342196 0.581950
2002.440053 -72.780104 -73.342512 0.581950
2002.459231 -73.207853 -73.344568 0.581950
2002.478409 -73.582911 -73.348369 0.581950
2002.497587 -73.886808 -73.353915 0.581950
2002.516765 -74.113912 -73.361203 0.581950
2002.535944 -74.271470 -73.370222 0.581950
2002.555122 -74.377074 -73.380956 0.581950
2002.574300 -74.454131 -73.393384 0.581950
2002.593478 -74.526348 -73.407478 0.581950
2002.612656 -74.612421 -73.423204 0.581950
2002.631834 -74.722077 -73.440525 0.581950
2002.651012 -74.854266 -73.459394 0.581950
2002.670190 -74.997842 -73.479763 0.581950
2002.689368 -75.134484 -73.501575 0.581950
2002.708546 -75.243144 -73.524768 0.581950
2002.727724 -75.304984 -73.549277 0.581950
2002.746902 -75.307648 -73.575030 0.581950
2002.766081 -75.247958 -73.601950 0.581950
2002.785259 -75.132443 -73.629956 0.581950
2002.804437 -74.975660 -73.658963 0.581950
2002.823615 -74.796762 -73.688881 0.581950
2002.842793 -74.615159 -73.719616 0.581950
2002.861971 -74.446315 -73.751070 0.581950
2002.881149 -74.298670 -73.783145 0.581950
2002.900327 -74.172390 -73.815735 0.581950
2002.919505 -74.060200 -73.848736 0.581950
2002.938683 -73.950057 -73.882037 0.581950
2002.957861 -73.828987 -73.915531 0.581950
2002.977039 -73.687121 -73.949104 0.581950
2002.996218 -73.520933 -73.982643 0.581950
2003.015396 -73.334885 -74.016037 0.581950
2003.034574 -73.141038 -74.049170 0.581950
2003.053752 -72.956720 -74.081929 0.581950
2003.072930 -72.800790 -74.114201 0.581950
2003.092108 -72.689397 -74.145874 0.581950
2003.111286 -72.632260 -74.176837 0.581950
2003.130464 -72.630412 -74.206982 0.581950
2003.149642 -72.675989 -74.236200 0.581950
2003.168820 -72.754190 -74.264389 0.581950
2003.187998 -72.846995 -74.291446 0.581950
2003.207176 -72.937808 -74.317273 0.581950
2003.226355 -73.015927 -74.341776 0.581950
2003.245533 -73.079753 -74.364864 0.581950
2003.264711 -73.137896 -74.386452 0.581950
2003.283889 -73.207789 -74.406457 0.581950
2003.303067 -73.312002 -74.424806 0.581950
2003.322245 -73.472938 -74.441425 0.581950
2003.341423 -73.707054 -74.456249 0.581950
2003.360601 -74.019842 -74.469218 0.581950
2003.379779 -74.402720 -74.480278 0.581950
2003.398957 -74.832619 -74.489381 0.581950
2003.418135 -75.274478 -74.496484 0.581950
2003.437313 -75.686271 -74.501553 0.581950
2003.456492 -76.025641 -74.504560 0.581950
2003.475670 -76.256884 -74.505480 0.581950
2003.494848 -76.356924 -74.504300 0.581950
2003.514026 -76.319145 -74.501011 0.581950
2003.533204 -76.154350 -74.495611 0.581950
2003.552382 -75.888738 -74.488104 0.581950
2003.571560 -75.559350 -74.478501 0.581950
2003.590738 -75.207953 -74.466820 0.581950
2003.609916 -74.874575 -74.453086 0.581950
2003.629094 -74.591946 -74.437328 0.581950
2003.648272 -74.381809 -74.419584 0.581950
2003.667450 -74.253651 -74.399896 0.581950
2003.686628 -74.205815 -74.378312 0.581950
2003.705807 -74.228492 -74.354888 0.581950
2003.724985 -74.307680 -74.329681 0.581950
2003.744163 -74.429075 -74.302757 0.581950
2003.763341 -74.580969 -74.274183 0.581950
2003.782519 -74.755518 -74.244033 0.581950
2003.801697 -74.948236 -74.212384 0.581950
2003.820875 -75.156027 -74.179318 0.581950
2003.840053 -75.374444 -74.144919 0.581950
2003.859231 -75.595088 -74.109275 0.581950
2003.878409 -75.804006 -74.072475 0.581950
2003.897587 -75.981717 -74.034613 0.581950
2003.916765 -76.105049 -73.995783 0.581950
2003.935944 -76.150525 -73.956080 0.581950
2003.955122 -76.098606 -73.915602 0.581950
2003.974300 -75.937818 -73.874446 0.581950
2003.993478 -75.667777 -73.832709 0.581950
2004.012656 -75.300315 -73.790491 0.581950
2004.031834 -74.858304 -73.747887 0.581950
2004.051012 -74.372297 -73.704994 0.581950
2004.070190 -73.875583 -73.661907 0.581950
2004.089368 -73.398665 -73.618720 0.581950
2004.108546 -72.964285 -73.575522 0.581950
2004.127724 -72.584079 -73.532404 0.581950
2004.146902 -72.257572 -73.489451 0.581950
2004.166081 -71.973744 -73.446745 0.581950
2004.185259 -71.714837 -73.404367 0.581950
2004.204437 -71.461562 -73.362391 0.581950
2004.223615 -71.198574 -73.320890 0.581950
2004.242793 -70.918997 -73.279930 0.581950
2004.261971 -70.626990 -73.239576 0.581950
2004.281149 -70.337776 -73.199884 0.581950
2004.300327 -70.075102 -73.160907 0.581950
2004.319505 -69.866681 -73.122695 0.581950
2004.338683 -69.738601 -73.085290 0.581950
2004.357861 -69.709919 -73.048728 0.581950
2004.377039 -69.788623 -73.013042 0.581950
2004.396218 -69.969844 -72.978259 0.581950
2004.415396 -70.236708 -72.944398 0.581950
2004.434574 -70.563626 -72.911475 0.581950
2004.453752 -70.921305 -72.879499 0.581950
2004.472930 -71.282382 -72.848472 0.581950
2004.492108 -71.626451 -72.818393 0.581950
2004.511286 -71.943398 -72.789255 0.581950
2004.530464 -72.234366 -72.761043 0.581950
2004.549642 -72.510153 -72.733740 0.581950
2004.568820 -72.787464 -72.707321 0.581950
2004.587998 -73.083880 -72.681757 0.581950
2004.607176 -73.412672 -72.657014 0.581950
2004.626355 -73.778637 -72.633055 0.581950
2004.645533 -74.175836 -72.609834 0.581950
2004.664711 -74.587741 -72.587305 0.581950
2004.683889 -74.989692 -72.565416 0.581950
2004.703067 -75.353103 -72.544112 0.581950
2004.722245 -75.650451 -72.523334 0.581950
2004.741423 -75.859944 -72.503020 0.581950
2004.760601 -75.968872 -72.483105 0.581950
2004.779779 -75.974953 -72.463521 0.581950
2004.798957 -75.885487 -72.444199 0.581950
2004.818135 -75.714628 -72.425067 0.581950
2004.837313 -75.479504 -72.406052 0.581950
2004.856492 -75.196176 -72.387078 0.581950
2004.875670 -74.876430 -72.368071 0.581950
2004.894848 -74.526162 -72.348955 0.581950
2004.914026 -74.145709 -72.329653 0.581950
2004.933204 -73.732002 -72.310090 0.581950
2004.952382 -73.281940 -72.290190 0.581950
2004.971560 -72.796069 -72.269879 0.581950
2004.990738 -72.281575 -72.249083 0.581950
2005.009916 -71.753731 -72.227731 0.581950
2005.029094 -71.235286 -72.205754 0.581950
2005.048272 -70.753799 -72.183082 0.581950
2005.067450 -70.337398 -72.159652 0.581950
2005.086628 -70.009861 -72.135400 0.581950
2005.105807 -69.786105 -72.110269 0.581950
2005.124985 -69.669129 -72.084203 0.581950
2005.144163 -69.649173 -72.057149 0.581950
2005.163341 -69.705361 -72.029060 0.581950
2005.182519 -69.809581 -71.999891 0.581950
2005.201697 -69.931819 -71.969604 0.581950
2005.220875 -70.045855 -71.938164 0.581950
2005.240053 -70.134112 -71.905541 0.581950
2005.259231 -70.190621 -71.871710 0.581950
2005.278409 -70.221472 -71.836651 0.581950
2005.297587 -70.242648 -71.800349 0.581950
2005.316765 -70.275733 -71.762795 0.581950
2005.335944 -70.342426 -71.723986 0.581950
2005.355122 -70.459075 -71.683922 0.581950
2005.374300 -70.632433 -71.642612 0.581950
2005.393478 -70.857567 -71.600068 0.581950
2005.412656 -71.118377 -71.556309 0.581950
2005.431834 -71.390613 -71.511358 0.581950
2005.451012 -71.646723 -71.465246 0.581950
2005.470190 -71.861462 -71.418007 0.581950
2005.489368 -72.017043 -71.369681 0.581950
2005.508546 -72.106695 -71.320315 0.581950
2005.527724 -72.135872 -71.269959 0.581950
2005.546902 -72.120865 -71.218670 0.581950
2005.566081 -72.085132 -71.166508 0.581950
2005.585259 -72.054178 -71.113540 0.581950
2005.604437 -72.050094 -71.059835 0.581950
2005.623615 -72.086930 -71.005469 0.581950
2005.642793 -72.167886 -70.950519 0.581950
2005.661971 -72.284858 -70.895070 0.581950
2005.681149 -72.420375 -70.839206 0.581950
2005.700327 -72.551402 -70.783019 0.581950
2005.719505 -72.654128 -70.726600 0.581950
2005.738683 -72.708627 -70.670046 0.581950
2005.757861 -72.702380 -70.613455 0.581950
2005.777039 -72.631928 -70.556927 0.581950
2005.796218 -72.502373 -70.500565 0.581950
2005.815396 -72.324987 -70.444473 0.581950
2005.834574 -72.113591 -70.388756 0.581950
2005.853752 -71.880671 -70.333520 0.581950
2005.872930 -71.634220 -70.278872 0.581950
2005.892108 -71.376101 -70.224920 0.581950
2005.911286 -71.102343 -70.171770 0.581950
2005.930464 -70.805278 -70.119529 0.581950
2005.949642 -70.476986 -70.068302 0.581950
2005.968820 -70.113143 -70.018195 0.581950
2005.987998 -69.716278 -69.969310 0.581950
2006.007176 -69.297516 -69.921750 0.581950
2006.026355 -68.876278 -69.875612 0.581950
2006.045533 -68.477837 -69.830995 0.581950
2006.064711 -68.129175 -69.787992 0.581950
2006.083889 -67.853995 -69.746695 0.581950
2006.103067 -67.667987 -69.707191 0.581950
2006.122245 -67.575423 -69.669564 0.581950
2006.141423 -67.567915 -69.633894 0.581950
2006.160601 -67.625701 -69.600258 0.581950
2006.179779 -67.721264 -69.568726 0.581950
2006.198957 -67.824604 -69.539366 0.581950
2006.218135 -67.909068 -69.512239 0.581950
2006.237313 -67.956518 -69.487403 0.581950
2006.256492 -67.960754 -69.464908 0.581950
2006.275670 -67.928459 -69.444800 0.581950
2006.294848 -67.877463 -69.427120 0.581950
2006.314026 -67.832722 -69.411902 0.581950
2006.333204 -67.820872 -69.399175 0.581950
2006.352382 -67.864542 -69.388961 0.581950
2006.371560 -67.977641 -69.381276 0.581950
2006.390738 -68.162616 -69.376131 0.581950
2006.409916 -68.410244 -69.373529 0.581950
2006.429094 -68.701925 -69.373469 0.581950
2006.448272 -69.013944 -69.375941 0.581950
2006.467450 -69.322683 -69.380931 0.581950
2006.486628 -69.609623 -69.388416 0.581950
2006.505807 -69.864979 -69.398372 0.581950
2006.524985 -70.089195 -69.410762 0.581950
2006.544163 -70.291961 -69.425549 0.581950
2006.563341 -70.489017 -69.442687 0.581950
2006.582519 -70.697479 -69.462124 0.581950
2006.601697 -70.930787 -69.483804 0.581950
2006.620875 -71.194401 -69.507664 0.581950
2006.640053 -71.483259 -69.533635 0.581950
2006.659231 -71.781567 -69.561645 0.581950
2006.678409 -72.064968 -69.591617 0.581950
2006.697587 -72.304650 -69.623469 0.581950
2006.716765 -72.472465 -69.657112 0.581950
2006.735944 -72.545971 -69.692457 0.581950
2006.755122 -72.512329 -69.729407 0.581950
2006.774300 -72.370241 -69.767865 0.581950
2006.793478 -72.129620 -69.807728 0.581950
2006.812656 -71.809131 -69.848891 0.581950
2006.831834 -71.432284 -69.891247 0.581950
2006.851012 -71.023010 -69.934684 0.581950
2006.870190 -70.601763 -69.979091 0.581950
2006.889368 -70.183022 -70.024353 0.581950
2006.908546 -69.774695 -70.070355 0.581950
2006.927724 -69.379462 -70.116980 0.581950
2006.946902 -68.997583 -70.164110 0.581950
2006.966081 -68.630362 -70.211627 0.581950
2006.985259 -68.283270 -70.259413 0.581950
2007.004437 -67.967812 -70.307352 0.581950
2007.023615 -67.701518 -70.355324 0.581950
2007.042793 -67.505922 -70.403214 0.581950
2007.061971 -67.402845 -70.450906 0.581950
2007.081149 -67.409809 -70.498287 0.581950
2007.100327 -67.535598 -70.545246 0.581950
2007.119505 -67.777063 -70.591671 0.581950
2007.138683 -68.118006 -70.637457 0.581950
2007.157861 -68.530549 -70.682498 0.581950
2007.177039 -68.978875 -70.726694 0.581950
2007.196218 -69.424670 -70.769947 0.581950
2007.215396 -69.833214 -70.812161 0.581950
2007.234574 -70.178908 -70.853246 0.581950
2007.253752 -70.449085 -70.893115 0.581950
2007.272930 -70.645345 -70.931685 0.581950
2007.292108 -70.782121 -70.968879 0.581950
2007.311286 -70.882811 -71.004622 0.581950
2007.330464 -70.974303 -71.038845 0.581950
2007.349642 -71.081050 -71.071484 0.581950
2007.368820 -71.219965 -71.102481 0.581950
2007.387998 -71.397177 -71.131781 0.581950
2007.407176 -71.607309 -71.159334 0.581950
2007.426355 -71.835333 -71.185098 0.581950
2007.445533 -72.060548 -71.209035 0.581950
2007.464711 -72.261714 -71.231110 0.581950
2007.483889 -72.422177 -71.251296 0.581950
2007.503067 -72.533810 -71.269571 0.581950
2007.522245 -72.598910 -71.285918 0.581950
2007.541423 -72.629632 -71.300324 0.581950
2007.560601 -72.645120 -71.312782 0.581950
2007.579779 -72.667014 -71.323292 0.581950
2007.598957 -72.714365 -71.331857 0.581950
2007.618135 -72.799098 -71.338484 0.581950
2007.637313 -72.923071 -71.343187 0.581950
2007.656492 -73.077347 -71.345985 0.581950
2007.675670 -73.243846 -71.346898 0.581950
2007.694848 -73.398968 -71.345954 0.581950
2007.714026 -73.518357 -71.343184 0.581950
2007.733204 -73.581732 -71.338622 0.581950
2007.752382 -73.576699 -71.332307 0.581950
2007.771560 -73.500732 -71.324281 0.581950
2007.790738 -73.360925 -71.314590 0.581950
2007.809916 -73.171632 -71.303282 0.581950
2007.829094 -72.950622 -71.290409 0.581950
2007.848272 -72.714676 -71.276025 0.581950
2007.867450 -72.475693 -71.260186 0.581950
2007.886628 -72.238215 -71.242953 0.581950
2007.905807 -71.998957 -71.224385 0.581950
2007.924985 -71.748422 -71.204545 0.581950
2007.944163 -71.474194 -71.183497 0.581950
2007.963341 -71.165105 -71.161306 0.581950
2007.982519 -70.815246 -71.138039 0.581950
2008.001697 -70.426837 -71.113763 0.581950
2008.020875 -70.011225 -71.088544 0.581950
2008.040053 -69.587735 -71.062451 0.581950
2008.059231 -69.180571 -71.035552 0.581950
2008.078409 -68.814485 -71.007914 0.581950
2008.097587 -68.510168 -70.979604 0.581950
2008.116765 -68.280448 -70.950688 0.581950
2008.135944 -68.128185 -70.921234 0.581950
2008.155122 -68.046364 -70.891305 0.581950
2008.174300 -68.020383 -70.860967 0.581950
2008.193478 -68.032040 -70.830280 0.581950
2008.212656 -68.064263 -70.799306 0.581950
2008.231834 -68.105507 -70.768105 0.581950
2008.251012 -68.152731 -70.736734 0.581950
2008.270190 -68.212217 -70.705250 0.581950
2008.289368 -68.297972 -70.673705 0.581950
2008.308546 -68.428003 -70.642153 0.581950
2008.327724 -68.619253 -70.610644 0.581950
2008.346902 -68.882351 -70.579224 0.581950
2008.366081 -69.217372 -70.547939 0.581950
2008.385259 -69.611651 -70.516832 0.581950
2008.404437 -70.040240 -70.485944 0.581950
2008.423615 -70.469076 -70.455314 0.581950
2008.442793 -70.860296 -70.424978 0.581950
2008.461971 -71.178677 -70.394969 0.581950
2008.481149 -71.397935 -70.365320 0.581950
2008.500327 -71.505582 -70.336058 0.581950
2008.519505 -71.505354 -70.307212 0.581950
2008.538683 -71.416724 -70.278806 0.581950
2008.557861 -71.271556 -70.250863 0.581950
2008.577039 -71.108612 -70.223404 0.581950
2008.596218 -70.966972 -70.196447 0.581950
2008.615396 -70.879663 -70.170010 0.581950
2008.634574 -70.868699 -70.144106 0.581950
2008.653752 -70.942383 -70.118750 0.581950
2008.672930 -71.095240 -70.093952 0.581950
2008.692108 -71.310385 -70.069723 0.581950
2008.711286 -71.563616 -70.046071 0.581950
2008.730464 -71.828241 -70.023004 0.581950
2008.749642 -72.079542 -70.000527 0.581950
2008.768820 -72.297966 -69.978645 0.581950
2008.787998 -72.470493 -69.957362 0.581950
2008.807176 -72.590131 -69.936681 0.581950
2008.826355 -72.653933 -69.916604 0.581950
2008.845533 -72.660303 -69.897132 0.581950
2008.864711 -72.606502 -69.878266 0.581950
2008.883889 -72.487172 -69.860006 0.581950
2008.903067 -72.294417 -69.842353 0.581950
2008.922245 -72.019520 -69.825306 0.581950
2008.941423 -71.655943 -69.808865 0.581950
2008.960601 -71.202854 -69.793029 0.581950
2008.979779 -70.668233 -69.777798 0.581950
2008.998957 -70.070631 -69.763171 0.581950
2009.018135 -69.438944 -69.749147 0.581950
2009.037313 -68.809948 -69.735727 0.581950
2009.056492 -68.223913 -69.722909 0.581950
2009.075670 -67.719036 -69.710695 0.581950
2009.094848 -67.325765 -69.699084 0.581950
2009.114026 -67.062171 -69.688077 0.581950
2009.133204 -66.931345 -69.677676 0.581950
2009.152382 -66.921401 -69.667880 0.581950
2009.171560 -67.008143 -69.658692 0.581950
2009.190738 -67.159865 -69.650114 0.581950
2009.209916 -67.343333 -69.642148 0.581950
2009.229094 -67.529728 -69.634797 0.581950
2009.248272 -67.699324 -69.628063 0.581950
2009.267450 -67.844000 -69.621950 0.581950
2009.286628 -67.967099 -69.616460 0.581950
2009.305807 -68.080775 -69.611597 0.581950
2009.324985 -68.201488 -69.607364 0.581950
2009.344163 -68.344720 -69.603766 0.581950
2009.363341 -68.520130 -69.600804 0.581950
2009.382519 -68.728275 -69.598483 0.581950
2009.401697 -68.959630 -69.596805 0.581950
2009.420875 -69.196155 -69.595773 0.581950
2009.440053 -69.415045 -69.595390 0.581950
2009.459231 -69.593809 -69.595658 0.581950
2009.478409 -69.715552 -69.596578 0.581950
2009.497587 -69.773237 -69.598151 0.581950
2009.516765 -69.771955 -69.600376 0.581950
2009.535944 -69.728672 -69.603254 0.581950
2009.555122 -69.669459 -69.606783 0.581950
2009.574300 -69.624769 -69.610960 0.581950
2009.593478 -69.623754 -69.615782 0.581950
2009.612656 -69.688815 -69.621244 0.581950
2009.631834 -69.831496 -69.627339 0.581950
2009.651012 -70.050560 -69.634061 0.581950
2009.670190 -70.332560 -69.641401 0.581950
2009.689368 -70.654708 -69.649349 0.581950
2009.708546 -70.989334 -69.657892 0.581950
2009.727724 -71.308911 -69.667019 0.581950
2009.746902 -71.590547 -69.676714 0.581950
2009.766081 -71.819007 -69.686960 0.581950
2009.785259 -71.987712 -69.697740 0.581950
2009.804437 -72.097641 -69.709034 0.581950
2009.823615 -72.154584 -69.720819 0.581950
2009.842793 -72.165544 -69.733073 0.581950
2009.861971 -72.135291 -69.745770 0.581950
2009.881149 -72.063992 -69.758883 0.581950
2009.900327 -71.946574 -69.772384 0.581950
2009.919505 -71.773994 -69.786242 0.581950
2009.938683 -71.536150 -69.800425 0.581950
2009.957861 -71.225698 -69.814899 0.581950
2009.977039 -70.841812 -69.829629 0.581950
2009.996218 -70.392880 -69.844578 0.581950
2010.015396 -69.897380 -69.859708 0.581950
2010.034574 -69.382537 -69.874978 0.581950
2010.053752 -68.880936 -69.890347 0.581950
2010.072930 -68.425699 -69.905773 0.581950
2010.092108 -68.045222 -69.921212 0.581950
2010.111286 -67.758599 -69.936620 0.581950
2010.130464 -67.572736 -69.951952 0.581950
2010.149642 -67.481811 -69.967161 0.581950
2010.168820 -67.469239 -69.982200 0.581950
2010.187998 -67.511736 -69.997022 0.581950
2010.207176 -67.584625 -70.011580 0.581950
2010.226355 -67.667225 -70.025825 0.581950
2010.245533 -67.747159 -70.039709 0.581950
2010.264711 -67.822639 -70.053185 0.581950
2010.283889 -67.902217 -70.066206 0.581950
2010.303067 -68.002090 -70.078723 0.581950
2010.322245 -68.141554 -70.090690 0.581950
2010.341423 -68.337637 -70.102063 0.581950
2010.360601 -68.600125 -70.112796 0.581950
2010.379779 -68.928124 -70.122845 0.581950
2010.398957 -69.308932 -70.132168 0.581950
2010.418135 -69.719532 -70.140726 0.581950
2010.437313 -70.130395 -70.148477 0.581950
2010.456492 -70.510788 -70.155386 0.581950
2010.475670 -70.834465 -70.161417 0.581950
2010.494848 -71.084486 -70.166537 0.581950
2010.514026 -71.256157 -70.170715 0.581950
2010.533204 -71.357458 -70.173923 0.581950
2010.552382 -71.406874 -70.176135 0.581950
2010.571560 -71.429148 -70.177329 0.581950
2010.590738 -71.449855 -70.177483 0.581950
2010.609916 -71.490000 -70.176582 0.581950
2010.629094 -71.561773 -70.174611 0.581950
2010.648272 -71.666334 -70.171559 0.581950
2010.667450 -71.794034 -70.167420 0.581950
2010.686628 -71.926943 -70.162189 0.581950
2010.705807 -72.043027 -70.155866 0.581950
2010.724985 -72.120998 -70.148454 0.581950
2010.744163 -72.144731 -70.139959 0.581950
2010.763341 -72.106276 -70.130393 0.581950
2010.782519 -72.006858 -70.119769 0.581950
2010.801697 -71.855726 -70.108105 0.581950
2010.820875 -71.667250 -70.095421 0.581950
2010.840053 -71.457033 -70.081745 0.581950
2010.859231 -71.238037 -70.067103 0.581950
2010.878409 -71.017697 -70.051528 0.581950
2010.897587 -70.796733 -70.035057 0.581950
2010.916765 -70.569928 -70.017728 0.581950
2010.935944 -70.328676 -69.999585 0.581950
2010.955122 -70.064631 -69.980672 0.581950
2010.974300 -69.773514 -69.961041 0.581950
2010.993478 -69.458080 -69.940742 0.581950
2011.012656 -69.129421 -69.919831 0.581950
2011.031834 -68.806164 -69.898366 0.581950
2011.051012 -68.511635 -69.876408 0.581950
2011.070190 -68.269541 -69.854020 0.581950
2011.089368 -68.099112 -69.831267 0.581950
2011.108546 -68.010808 -69.808216 0.581950
2011.127724 -68.003605 -69.784937 0.581950
2011.146902 -68.064576 -69.761501 0.581950
2011.166081 -68.170955 -69.737980 0.581950
2011.185259 -68.294340 -69.714449 0.581950
2011.204437 -68.406214 -69.690980 0.581950
2011.223615 -68.483625 -69.667650 0.581950
2011.242793 -68.513824 -69.644534 0.581950
2011.261971 -68.496849 -69.621708 0.581950
2011.281149 -68.445492 -69.599248 0.581950
2011.300327 -68.382613 -69.577229 0.581950
2011.319505 -68.336372 -69.555727 0.581950
2011.338683 -68.334360 -69.534814 0.581950
2011.357861 -68.397883 -69.514565 0.581950
2011.377039 -68.537578 -69.495049 0.581950
2011.396218 -68.751281 -69.476338 0.581950
2011.415396 -69.024550 -69.458499 0.581950
2011.434574 -69.333680 -69.441597 0.581950
2011.453752 -69.650511 -69.425695 0.581950
2011.472930 -69.947944 -69.410854 0.581950
2011.492108 -70.204974 -69.397131 0.581950
2011.511286 -70.410153 -69.384581 0.581950
2011.530464 -70.562786 -69.373254 0.581950
2011.549642 -70.671674 -69.363197 0.581950
2011.568820 -70.751793 -69.354453 0.581950
2011.587998 -70.819722 -69.347061 0.581950
2011.607176 -70.888919 -69.341057 0.581950
2011.626355 -70.965967 -69.336471 0.581950
2011.645533 -71.048637 -69.333328 0.581950
2011.664711 -71.126205 -69.331651 0.581950
2011.683889 -71.181923 -69.331454 0.581950
2011.703067 -71.197051 -69.332750 0.581950
2011.722245 -71.155469 -69.335545 0.581950
2011.741423 -71.047814 -69.339840 0.581950
2011.760601 -70.874135 -69.345632 0.581950
2011.779779 -70.644474 -69.352912 0.581950
2011.798957 -70.377200 -69.361664 0.581950
2011.818135 -70.095498 -69.371870 0.581950
2011.837313 -69.822802 -69.383505 0.581950
2011.856492 -69.578223 -69.396539 0.581950
2011.875670 -69.373007 -69.410936 0.581950
2011.894848 -69.208834 -69.426656 0.581950
2011.914026 -69.078307 -69.443655 0.581950
2011.933204 -68.967516 -69.461881 0.581950
2011.952382 -68.860037 -69.481281 0.581950
2011.971560 -68.741415 -69.501796 0.581950
2011.990738 -68.603087 -69.523360 0.581950
2012.009916 -68.444787 -69.545907 0.581950
2012.029094 -68.274894 -69.569365 0.581950
2012.048272 -68.108614 -69.593657 0.581950
2012.067450 -67.964443 -69.618705 0.581950
2012.086628 -67.859745 -69.644426 0.581950
2012.105807 -67.806502 -69.670733 0.581950
2012.124985 -67.808275 -69.697539 0.581950
2012.144163 -67.859133 -69.724753 0.581950
2012.163341 -67.944857 -69.752280 0.581950
2012.182519 -68.046195 -69.780026 0.581950
2012.201697 -68.143459 -69.807895 0.581950
2012.220875 -68.221410 -69.835787 0.581950
2012.240053 -68.273303 -69.863605 0.581950
2012.259231 -68.303093 -69.891249 0.581950
2012.278409 -68.325245 -69.918619 0.581950
2012.297587 -68.362075 -69.945615 0.581950
2012.316765 -68.439130 -69.972138 0.581950
2012.335944 -68.579578 -69.998089 0.581950
2012.355122 -68.798790 -70.023371 0.581950
2012.374300 -69.100322 -70.047888 0.581950
2012.393478 -69.474185 -70.071545 0.581950
2012.412656 -69.897839 -70.094251 0.581950
2012.431834 -70.339750 -70.115915 0.581950
2012.451012 -70.764792 -70.136451 0.581950
2012.470190 -71.140410 -70.155774 0.581950
2012.489368 -71.442252 -70.173805 0.581950
2012.508546 -71.658141 -70.190467 0.581950
2012.527724 -71.789585 -70.205686 0.581950
2012.546902 -71.850574 -70.219394 0.581950
2012.566081 -71.863982 -70.231526 0.581950
2012.585259 -71.856393 -70.242023 0.581950
2012.604437 -71.852480 -70.250831 0.581950
2012.623615 -71.870152 -70.257898 0.581950
2012.642793 -71.917423 -70.263182 0.581950
2012.661971 -71.991620 -70.266643 0.581950
2012.681149 -72.080939 -70.268248 0.581950
2012.700327 -72.167890 -70.267968 0.581950
2012.719505 -72.233739 -70.265783 0.581950
2012.738683 -72.262871 -70.261677 0.581950
2012.757861 -72.246070 -70.255639 0.581950
2012.777039 -72.181997 -70.247665 0.581950
2012.796218 -72.076592 -70.237758 0.581950
2012.815396 -71.940668 -70.225925 0.581950
2012.834574 -71.786346 -70.212182 0.581950
2012.853752 -71.623312 -70.196547 0.581950
2012.872930 -71.455855 -70.179048 0.581950
2012.892108 -71.281498 -70.159716 0.581950
2012.911286 -71.091583 -70.138588 0.581950
2012.930464 -70.873745 -70.115708 0.581950
2012.949642 -70.615680 -70.091125 0.581950
2012.968820 -70.309311 -70.064893 0.581950
2012.987998 -69.954318 -70.037071 0.581950
2013.007176 -69.560110 -70.007724 0.581950
2013.026355 -69.145661 -69.976920 0.581950
2013.045533 -68.737130 -69.944733 0.581950
2013.064711 -68.363671 -69.911241 0.581950
2013.083889 -68.052306 -69.876526 0.581950
2013.103067 -67.822947 -69.840674 0.581950
2013.122245 -67.684675 -69.803774 0.581950
2013.141423 -67.634114 -69.765919 0.581950
2013.160601 -67.656287 -69.727204 0.581950
2013.179779 -67.727821 -69.687728 0.581950
2013.198957 -67.821820 -69.647590 0.581950
2013.218135 -67.913359 -69.606895 0.581950
2013.237313 -67.984427 -69.565745 0.581950
2013.256492 -68.027231 -69.524247 0.581950
2013.275670 -68.045164 -69.482507 0.581950
2013.294848 -68.051245 -69.440633 0.581950
2013.314026 -68.064400 -69.398734 0.581950
2013.333204 -68.104442 -69.356916 0.581950
2013.352382 -68.186899 -69.315290 0.581950
2013.371560 -68.318864 -69.273961 0.581950
2013.390738 -68.496824 -69.233036 0.581950
2013.409916 -68.706967 -69.192622 0.581950
2013.429094 -68.927920 -69.152822 0.581950
2013.448272 -69.135300 -69.113739 0.581950
2013.467450 -69.307083 -69.075473 0.581950
2013.486628 -69.428564 -69.038124 0.581950
2013.505807 -69.495792 -69.001786 0.581950
2013.524985 -69.516691 -68.966553 0.581950
2013.544163 -69.509581 -68.932514 0.581950
2013.563341 -69.499386 -68.899758 0.581950
2013.582519 -69.512333 -68.868368 0.581950
2013.601697 -69.570272 -68.838423 0.581950
2013.620875 -69.685819 -68.810001 0.581950
2013.640053 -69.859360 -68.783172 0.581950
2013.659231 -70.078531 -68.758007 0.581950
2013.678409 -70.320246 -68.734568 0.581950
2013.697587 -70.554819 -68.712916 0.581950
2013.716765 -70.751263 -68.693106 0.581950
2013.735944 -70.882645 -68.675188 0.581950
2013.755122 -70.930385 -68.659210 0.581950
2013.774300 -70.886659 -68.645212 0.581950
2013.793478 -70.754539 -68.633231 0.581950
2013.812656 -70.545976 -68.623301 0.581950
2013.831834 -70.278261 -68.615447 0.581950
2013.851012 -69.969890 -68.609693 0.581950
2013.870190 -69.636833 -68.606057 0.581950
2013.889368 -69.290114 -68.604553 0.581950
2013.908546 -68.935189 -68.605188 0.581950
2013.927724 -68.573192 -68.607968 0.581950
2013.946902 -68.203607 -68.612892 0.581950
2013.966081 -67.827571 -68.619956 0.581950
2013.985259 -67.450856 -68.629150 0.581950
2014.004437 -67.085621 -68.640461 0.581950
2014.023615 -66.750349 -68.653871 0.581950
2014.042793 -66.467802 -68.669359 0.581950
2014.061971 -66.261357 -68.686899 0.581950
2014.081149 -66.150478 -68.706463 0.581950
2014.100327 -66.146366 -68.728017 0.581950
2014.119505 -66.248834 -68.751525 0.581950
2014.138683 -66.445226 -68.776948 0.581950
2014.157861 -66.711771 -68.804243 0.581950
2014.177039 -67.017234 -68.833365 0.581950
2014.196218 -67.328198 -68.864264 0.581950
2014.215396 -67.614931 -68.896891 0.581950
2014.234574 -67.856627 -68.931190 0.581950
2014.253752 -68.044919 -68.967106 0.581950
2014.272930 -68.184891 -69.004582 0.581950
2014.292108 -68.293375 -69.043556 0.581950
2014.311286 -68.394865 -69.083967 0.581950
2014.330464 -68.515901 -69.125752 0.581950
2014.349642 -68.679129 -69.168845 0.581950
2014.368820 -68.898270 -69.213179 0.581950
2014.387998 -69.175076 -69.258688 0.581950
2014.407176 -69.498884 -69.305303 0.581950
2014.426355 -69.848840 -69.352955 0.581950
2014.445533 -70.198265 -69.401573 0.581950
2014.464711 -70.520196 -69.451086 0.581950
2014.483889 -70.792881 -69.501425 0.581950
2014.503067 -71.004035 -69.552518 0.581950
2014.522245 -71.152948 -69.604293 0.581950
2014.541423 -71.250034 -69.656679 0.581950
2014.560601 -71.313967 -69.709606 0.581950
2014.579779 -71.367071 -69.763001 0.581950
2014.598957 -71.430027 -69.816795 0.581950
2014.618135 -71.517070 -69.870918 0.581950
2014.637313 -71.632721 -69.925299 0.581950
2014.656492 -71.770744 -69.979871 0.581950
2014.675670 -71.915512 -70.034565 0.581950
2014.694848 -72.045399 -70.089314 0.581950
2014.714026 -72.137412 -70.144052 0.581950
2014.733204 -72.171988 -70.198714 0.581950
2014.752382 -72.136887 -70.253235 0.581950
2014.771560 -72.029359 -70.307553 0.581950
2014.790738 -71.856155 -70.361607 0.581950
2014.809916 -71.631506 -70.415335 0.581950
2014.829094 -71.373609 -70.468678 0.581950
2014.848272 -71.100551 -70.521580 0.581950
2014.867450 -70.826660 -70.573983 0.581950
2014.886628 -70.560182 -70.625833 0.581950
2014.905807 -70.302810 -70.677077 0.581950
2014.924985 -70.051154 -70.727663 0.581950
2014.944163 -69.799712 -70.777542 0.581950
2014.963341 -69.544571 -70.826663 0.581950
2014.982519 -69.286824 -70.874982 0.581950
2015.001697 -69.034764 -70.922452 0.581950
2015.020875 -68.804192 -70.969031 0.581950
2015.040053 -68.616606 -71.014677 0.581950
2015.059231 -68.495568 -71.059349 0.581950
2015.078409 -68.461998 -71.103009 0.581950
2015.097587 -68.529430 -71.145622 0.581950
2015.116765 -68.700339 -71.187152 0.581950
2015.135944 -68.964440 -71.227567 0.581950
2015.155122 -69.299461 -71.266835 0.581950
2015.174300 -69.674351 -71.304928 0.581950
2015.193478 -70.054344 -71.341818 0.581950
2015.212656 -70.406875 -71.377480 0.581950
2015.231834 -70.707141 -71.411889 0.581950
2015.251012 -70.942144 -71.445025 0.581950
2015.270190 -71.112359 -71.476868 0.581950
2015.289368 -71.230697 -71.507398 0.581950
2015.308546 -71.318971 -71.536601 0.581950
2015.327724 -71.402645 -71.564462 0.581950
2015.346902 -71.504989 -71.590968 0.581950
2015.366081 -71.641900 -71.616109 0.581950
2015.385259 -71.818478 -71.639876 0.581950
2015.404437 -72.028082 -71.662263 0.581950
2015.423615 -72.254014 -71.683265 0.581950
2015.442793 -72.473424 -71.702879 0.581950
2015.461971 -72.662547 -71.721103 0.581950
2015.481149 -72.802081 -71.737939 0.581950
2015.500327 -72.881541 -71.753389 0.581950
2015.519505 -72.901617 -71.767457 0.581950
2015.538683 -72.874065 -71.780150 0.581950
2015.557861 -72.819171 -71.791476 0.581950
2015.577039 -72.761411 -71.801444 0.581950
2015.596218 -72.724258 -71.810067 0.581950
2015.615396 -72.725318 -71.817357 0.581950
2015.634574 -72.772846 -71.823331 0.581950
2015.653752 -72.864355 -71.828004 0.581950
2015.672930 -72.987575 -71.831395 0.581950
2015.692108 -73.123456 -71.833526 0.581950
2015.711286 -73.250479 -71.834416 0.581950
2015.730464 -73.349236 -71.834091 0.581950
2015.749642 -73.406232 -71.832575 0.581950
2015.768820 -73.416064 -71.829895 0.581950
2015.787998 -73.381529 -71.826078 0.581950
2015.807176 -73.311717 -71.821154 0.581950
2015.826355 -73.218636 -71.815155 0.581950
2015.845533 -73.113256 -71.808113 0.581950
2015.864711 -73.001984 -71.800060 0.581950
2015.883889 -72.884485 -71.791031 0.581950
2015.903067 -72.753429 -71.781063 0.581950
2015.922245 -72.596274 -71.770193 0.581950
2015.941423 -72.398689 -71.758458 0.581950
2015.960601 -72.148820 -71.745898 0.581950
2015.979779 -71.841368 -71.732552 0.581950
2015.998957 -71.480457 -71.718462 0.581950
2016.018135 -71.080545 -71.703668 0.581950
2016.037313 -70.665033 -71.688214 0.581950
2016.056492 -70.262808 -71.672143 0.581950
2016.075670 -69.903375 -71.655497 0.581950
2016.094848 -69.611633 -71.638321 0.581950
2016.114026 -69.403425 -71.620660 0.581950
2016.133204 -69.282846 -71.602558 0.581950
2016.152382 -69.241943 -71.584060 0.581950
2016.171560 -69.262875 -71.565211 0.581950
2016.190738 -69.322108 -71.546057 0.581950
2016.209916 -69.395712 -71.526643 0.581950
2016.229094 -69.464618 -71.507013 0.581950
2016.248272 -69.518660 -71.487213 0.581950
2016.267450 -69.558522 -71.467288 0.581950
2016.286628 -69.595146 -71.447281 0.581950
2016.305807 -69.646741 -71.427238 0.581950
2016.324985 -69.734061 -71.407201 0.581950
2016.344163 -69.875006 -71.387213 0.581950
2016.363341 -70.079770 -71.367316 0.581950
2016.382519 -70.347629 -71.347553 0.581950
2016.401697 -70.666093 -71.327964 0.581950
2016.420875 -71.012665 -71.308588 0.581950
2016.440053 -71.358816 -71.289465 0.581950
2016.459231 -71.675342 -71.270632 0.581950
2016.478409 -71.937942 -71.252127 0.581950
2016.497587 -72.131807 -71.233984 0.581950
2016.516765 -72.254249 -71.216239 0.581950
2016.535944 -72.314814 -71.198925 0.581950
2016.555122 -72.332872 -71.182073 0.581950
2016.574300 -72.333257 -71.165715 0.581950
2016.593478 -72.340899 -71.149879 0.581950
2016.612656 -72.375632 -71.134592 0.581950
2016.631834 -72.448278 -71.119881 0.581950
2016.651012 -72.558804 -71.105771 0.581950
2016.670190 -72.696872 -71.092285 0.581950
2016.689368 -72.844566 -71.079443 0.581950
2016.708546 -72.980600 -71.067266 0.581950
2016.727724 -73.084985 -71.055772 0.581950
2016.746902 -73.143094 -71.044977 0.581950
2016.766081 -73.148206 -71.034896 0.581950
2016.785259 -73.102006 -71.025542 0.581950
2016.804437 -73.013028 -71.016927 0.581950
2016.823615 -72.893490 -71.009059 0.581950
2016.842793 -72.755380 -71.001948 0.581950
2016.861971 -72.606805 -70.995599 0.581950
2016.881149 -72.449534 -70.990016 0.581950
2016.900327 -72.278399 -70.985203 0.581950
2016.919505 -72.082732 -70.981161 0.581950
2016.938683 -71.849519 -70.977890 0.581950
2016.957861 -71.567545 -70.975386 0.581950
2016.977039 -71.231509 -70.973647 0.581950
2016.996218 -70.845085 -70.972668 0.581950
2017.015396 -70.422126 -70.972442 0.581950
2017.034574 -69.985602 -70.972960 0.581950
2017.053752 -69.564421 -70.974214 0.581950
2017.072930 -69.188720 -70.976192 0.581950
2017.092108 -68.884641 -70.978882 0.581950
2017.111286 -68.669710 -70.982272 0.581950
2017.130464 -68.549844 -70.986345 0.581950
2017.149642 -68.518665 -70.991087 0.581950
2017.168820 -68.559290 -70.996480 0.581950
2017.187998 -68.648232 -71.002507 0.581950
2017.207176 -68.760561 -71.009148 0.581950
2017.226355 -68.875189 -71.016385 0.581950
2017.245533 -68.979132 -71.024196 0.581950
2017.264711 -69.069792 -71.032560 0.581950
2017.283889 -69.154774 -71.041456 0.581950
2017.303067 -69.249292 -71.050860 0.581950
2017.322245 -69.371760 -71.060749 0.581950
2017.341423 -69.538585 -71.071101 0.581950
2017.360601 -69.759358 -71.081891 0.581950
2017.379779 -70.033548 -71.093095 0.581950
2017.398957 -70.349499 -71.104689 0.581950
2017.418135 -70.685991 -71.116647 0.581950
2017.437313 -71.016063 -71.128947 0.581950
2017.456492 -71.312292 -71.141562 0.581950
2017.475670 -71.552388 -71.154469 0.581950
2017.494848 -71.723878 -71.167643 0.581950
2017.514026 -71.826853 -71.181060 0.581950
2017.533204 -71.874174 -71.194695 0.581950
2017.552382 -71.889056 -71.208527 0.581950
2017.571560 -71.900557 -71.222530 0.581950
2017.590738 -71.937892 -71.236684 0.581950
2017.609916 -72.024789 -71.250964 0.581950
2017.629094 -72.175021 -71.265351 0.581950
2017.648272 -72.390013 -71.279822 0.581950
2017.667450 -72.658943 -71.294358 0.581950
2017.686628 -72.961191 -71.308939 0.581950
2017.705807 -73.270526 -71.323546 0.581950
2017.724985 -73.560028 -71.338162 0.581950
2017.744163 -73.806654 -71.352767 0.581950
2017.763341 -73.994474 -71.367347 0.581950
2017.782519 -74.115965 -71.381886 0.581950
2017.801697 -74.171213 -71.396368 0.581950
2017.820875 -74.165418 -71.410781 0.581950
2017.840053 -74.105431 -71.425111 0.581950
2017.859231 -73.996338 -71.439345 0.581950
2017.878409 -73.839010 -71.453474 0.581950
2017.897587 -73.629317 -71.467486 0.581950
2017.916765 -73.359259 -71.481373 0.581950
2017.935944 -73.019785 -71.495126 0.581950
2017.955122 -72.604604 -71.508737 0.581950
2017.974300 -72.114050 -71.522200 0.581950
2017.993478 -71.557970 -71.535509 0.581950
2018.012656 -70.956818 -71.548659 0.581950
2018.031834 -70.340510 -71.561645 0.581950
2018.051012 -69.745124 -71.574464 0.581950
2018.070190 -69.208019 -71.587113 0.581950
2018.089368 -68.762331 -71.599591 0.581950
2018.108546 -68.431986 -71.611894 0.581950
2018.127724 -68.228290 -71.624023 0.581950
2018.146902 -68.148834 -71.635976 0.581950
2018.166081 -68.178952 -71.647755 0.581950
2018.185259 -68.295435 -71.659359 0.581950
2018.204437 -68.471698 -71.670789 0.581950
2018.223615 -68.683275 -71.682047 0.581950
2018.242793 -68.912462 -71.693134 0.581950
2018.261971 -69.151108 -71.704051 0.581950
2018.281149 -69.400970 -71.714801 0.581950
2018.300327 -69.671605 -71.725385 0.581950
2018.319505 -69.976313 -71.735806 0.581950
2018.338683 -70.327100 -71.746066 0.581950
2018.357861 -70.729839 -71.756166 0.581950
2018.377039 -71.180785 -71.766109 0.581950
2018.396218 -71.665278 -71.775897 0.581950
2018.415396 -72.159004 -71.785532 0.581950
2018.434574 -72.631584 -71.795015 0.581950
2018.453752 -73.051755 -71.804347 0.581950
2018.472930 -73.393051 -71.813530 0.581950
2018.492108 -73.638731 -71.822565 0.581950
2018.511286 -73.784919 -71.831452 0.581950
2018.530464 -73.841237 -71.840191 0.581950
2018.549642 -73.828817 -71.848783 0.581950
2018.568820 -73.776083 -71.857226 0.581950
2018.587998 -73.713221 -71.865519 0.581950
2018.607176 -73.666474 -71.873662 0.581950
2018.626355 -73.653463 -71.881653 0.581950
2018.645533 -73.680438 -71.889489 0.581950
2018.664711 -73.741970 -71.897169 0.581950
2018.683889 -73.823024 -71.904688 0.581950
2018.703067 -73.902838 -71.912045 0.581950
2018.722245 -73.959676 -71.919235 0.581950
2018.741423 -73.975353 -71.926254 0.581950
2018.760601 -73.938540 -71.933099 0.581950
2018.779779 -73.846179 -71.939764 0.581950
2018.798957 -73.702805 -71.946245 0.581950
2018.818135 -73.518090 -71.952538 0.581950
2018.837313 -73.303334 -71.958636 0.581950
2018.856492 -73.067865 -71.964536 0.581950
2018.875670 -72.816325 -71.970231 0.581950
2018.894848 -72.547568 -71.975716 0.581950
2018.914026 -72.255506 -71.980986 0.581950
2018.933204 -71.931710 -71.986035 0.581950
2018.952382 -71.569166 -71.990860 0.581950
2018.971560 -71.166212 -71.995454 0.581950
2018.990738 -70.729662 -71.999813 0.581950
2019.009916 -70.276213 -72.003933 0.581950
2019.029094 -69.831650 -72.007810 0.581950
2019.048272 -69.427847 -72.011440 0.581950
2019.067450 -69.098070 -72.014820 0.581950
2019.086628 -68.871497 -72.017947 0.581950
2019.105807 -68.768124 -72.020819 0.581950
2019.124985 -68.795108 -72.023436 0.581950
2019.144163 -68.945390 -72.025795 0.581950
2019.163341 -69.198909 -72.027897 0.581950
2019.182519 -69.526184 -72.029743 0.581950
2019.201697 -69.893542 -72.031334 0.581950
2019.220875 -70.268887 -72.032673 0.581950
2019.240053 -70.626821 -72.033762 0.581950
2019.259231 -70.952058 -72.034605 0.581950
2019.278409 -71.240457 -72.035207 0.581950
2019.297587 -71.497557 -72.035574 0.581950
2019.316765 -71.735020 -72.035713 0.581950
2019.335944 -71.965878 -72.035631 0.581950
2019.355122 -72.199728 -72.035337 0.581950
2019.374300 -72.439037 -72.034841 0.581950
2019.393478 -72.677425 -72.034152 0.581950
2019.412656 -72.900375 -72.033283 0.581950
2019.431834 -73.088225 -72.032246 0.581950
2019.451012 -73.220774 -72.031054 0.581950
2019.470190 -73.282470 -72.029721 0.581950
2019.489368 -73.266956 -72.028262 0.581950
2019.508546 -73.179918 -72.026693 0.581950
2019.527724 -73.039505 -72.025031 0.581950
2019.546902 -72.874131 -72.023292 0.581950
2019.566081 -72.718055 -72.021495 0.581950
2019.585259 -72.605576 -72.019658 0.581950
2019.604437 -72.565050 -72.017800 0.581950
2019.623615 -72.613900 -72.015940 0.581950
2019.642793 -72.755641 -72.014099 0.581950
2019.661971 -72.979463 -72.012297 0.581950
2019.681149 -73.262395 -72.010554 0.581950
2019.700327 -73.573522 -72.008892 0.581950
2019.719505 -73.879314 -72.007331 0.581950
2019.738683 -74.148951 -72.005893 0.581950
2019.757861 -74.358551 -72.004599 0.581950
2019.777039 -74.493537 -72.003469 0.581950
2019.796218 -74.548821 -72.002525 0.581950
2019.815396 -74.527002 -72.001788 0.581950
2019.834574 -74.435216 -72.001278 0.581950
2019.853752 -74.281576 -72.001016 0.581950
2019.872930 -74.072175 -72.001020 0.581950
2019.892108 -73.809444 -72.001310 0.581950
2019.911286 -73.492292 -72.001905 0.581950
2019.930464 -73.117952 -72.002823 0.581950
2019.949642 -72.685027 -72.004082 0.581950
2019.968820 -72.196868 -72.005699 0.581950
2019.987998 -71.664333 -72.007689 0.581950
2020.007176 -71.107030 -72.010069 0.581950
2020.026355 -70.552561 -72.012852 0.581950
2020.045533 -70.033675 -72.016054 0.581950
2020.064711 -69.583820 -72.019685 0.581950
2020.083889 -69.231929 -72.023759 0.581950
2020.103067 -68.997560 -72.028286 0.581950
2020.122245 -68.887455 -72.033276 0.581950
2020.141423 -68.894325 -72.038739 0.581950
2020.160601 -68.998222 -72.044683 0.581950
2020.179779 -69.170284 -72.051115 0.581950
2020.198957 -69.378147 -72.058042 0.581950
2020.218135 -69.591911 -72.065469 0.581950
2020.237313 -69.789450 -72.073401 0.581950
2020.256492 -69.959958 -72.081842 0.581950
2020.275670 -70.105000 -72.090796 0.581950
2020.294848 -70.236898 -72.100264 0.581950
2020.314026 -70.374815 -72.110248 0.581950
2020.333204 -70.539447 -72.120749 0.581950
2020.352382 -70.747486 -72.131768 0.581950
2020.371560 -71.007098 -72.143305 0.581950
2020.390738 -71.315399 -72.155358 0.581950
2020.409916 -71.658488 -72.167928 0.581950
2020.429094 -72.014000 -72.181012 0.581950
2020.448272 -72.355625 -72.194608 0.581950
2020.467450 -72.658552 -72.208716 0.581950
2020.486628 -72.904650 -72.223332 0.581950
2020.505807 -73.086233 -72.238455 0.581950
2020.524985 -73.207567 -72.254082 0.581950
2020.544163 -73.283829 -72.270211 0.581950
2020.563341 -73.337719 -72.286840 0.581950
2020.582519 -73.394513 -72.303967 0.581950
2020.601697 -73.476621 -72.321590 0.581950
2020.620875 -73.598848 -72.339708 0.581950
2020.640053 -73.765350 -72.358320 0.581950
2020.659231 -73.968915 -72.377425 0.581950
2020.678409 -74.192646 -72.397022 0.581950
2020.697587 -74.413624 -72.417113 0.581950
2020.716765 -74.607675 -72.437697 0.581950
2020.735944 -74.754150 -72.458777 0.581950
2020.755122 -74.839678 -72.480353 0.581950
2020.774300 -74.860100 -72.502429 0.581950
2020.793478 -74.820234 -72.525008 0.581950
2020.812656 -74.731649 -72.548093 0.581950
2020.831834 -74.609078 -72.571689 0.581950
2020.851012 -74.466390 -72.595801 0.581950
2020.870190 -74.313156 -72.620435 0.581950
2020.889368 -74.152635 -72.645597 0.581950
2020.908546 -73.981676 -72.671293 0.581950
2020.927724 -73.792532 -72.697532 0.581950
2020.946902 -73.576114 -72.724321 0.581950
2020.966081 -73.325842 -72.751668 0.581950
2020.985259 -73.041089 -72.779584 0.581950
2021.004437 -72.729284 -72.808076 0.581950
2021.023615 -72.406072 -72.837154 0.581950
2021.042793 -72.093345 -72.866829 0.581950
2021.061971 -71.815514 -72.897110 0.581950
2021.081149 -71.594801 -72.928008 0.581950
2021.100327 -71.446605 -72.959532 0.581950
2021.119505 -71.376027 -72.991692 0.581950
2021.138683 -71.376412 -73.024499 0.581950
2021.157861 -71.430323 -73.057962 0.581950
2021.177039 -71.512844 -73.092091 0.581950
2021.196218 -71.596574 -73.126893 0.581950
2021.215396 -71.657280 -73.162378 0.581950
2021.234574 -71.679006 -73.198553 0.581950
2021.253752 -71.657524 -73.235426 0.581950
2021.272930 -71.601370 -73.273001 0.581950
2021.292108 -71.530209 -73.311285 0.581950
2021.311286 -71.470855 -73.350282 0.581950
2021.330464 -71.451776 -73.389994 0.581950
2021.349642 -71.497263 -73.430423 0.581950
2021.368820 -71.622486 -73.471570 0.581950
2021.387998 -71.830489 -73.513435 0.581950
2021.407176 -72.111740 -73.556014 0.581950
2021.426355 -72.446301 -73.599304 0.581950
2021.445533 -72.808087 -73.643299 0.581950
2021.464711 -73.170274 -73.687992 0.581950
2021.483889 -73.510639 -73.733375 0.581950
2021.503067 -73.815662 -73.779436 0.581950
2021.522245 -74.082516 -73.826163 0.581950
2021.541423 -74.318527 -73.873542 0.581950
2021.560601 -74.538298 -73.921557 0.581950
2021.579779 -74.759162 -73.970188 0.581950
2021.598957 -74.996040 -74.019418 0.581950
2021.618135 -75.256869 -74.069222 0.581950
2021.637313 -75.539652 -74.119579 0.581950
2021.656492 -75.831795 -74.170461 0.581950
2021.675670 -76.111875 -74.221842 0.581950
2021.694848 -76.353460 -74.273693 0.581950
2021.714026 -76.530130 -74.325981 0.581950
2021.733204 -76.620596 -74.378675 0.581950
2021.752382 -76.612828 -74.431739 0.581950
2021.771560 -76.506321 -74.485138 0.581950
2021.790738 -76.312069 -74.538835 0.581950
2021.809916 -76.050341 -74.592791 0.581950
2021.829094 -75.746821 -74.646964 0.581950
2021.848272 -75.428051 -74.701314 0.581950
2021.867450 -75.117190 -74.755799 0.581950
2021.886628 -74.831046 -74.810374 0.581950
2021.905807 -74.578936 -74.864996 0.581950
2021.924985 -74.363522 -74.919618 0.581950
2021.944163 -74.183249 -74.974197 0.581950
2021.963341 -74.035635 -75.028684 0.581950
2021.982519 -73.920456 -75.083034 0.581950
2022.001697 -73.841909 -75.137200 0.581950
2022.020875 -73.809076 -75.191136 0.581950
2022.040053 -73.834479 -75.244795 0.581950
2022.059231 -73.930976 -75.298130 0.581950
2022.078409 -74.107708 -75.351095 0.581950
2022.097587 -74.366096 -75.403644 0.581950
2022.116765 -74.696924 -75.455734 0.581950
2022.135944 -75.079367 -75.507319 0.581950
2022.155122 -75.482404 -75.558357 0.581950
2022.174300 -75.868539 -75.608805 0.581950
2022.193478 -76.199222 -75.658624 0.581950
2022.212656 -76.440947 -75.707774 0.581950
2022.231834 -76.570825 -75.756218 0.581950
2022.251012 -76.580468 -75.803919 0.581950
2022.270190 -76.477379 -75.850843 0.581950
2022.289368 -76.283522 -75.896958 0.581950
2022.308546 -76.031330 -75.942234 0.581950
2022.327724 -75.757968 -75.986640 0.581950
2022.346902 -75.499004 -76.030153 0.581950
2022.366081 -75.282761 -76.072746 0.581950
2022.385259 -75.126472 -76.114399 0.581950
2022.404437 -75.034958 -76.155092 0.581950
2022.423615 -75.001976 -76.194808 0.581950
2022.442793 -75.013832 -76.233533 0.581950
2022.461971 -75.054351 -76.271254 0.581950
2022.481149 -75.110027 -76.307961 0.581950
2022.500327 -75.174147 -76.343647 0.581950
2022.519505 -75.248972 -76.378309 0.581950
2022.538683 -75.345464 -76.411943 0.581950
2022.557861 -75.480659 -76.444549 0.581950
2022.577039 -75.673285 -76.476132 0.581950
2022.596218 -75.938647 -76.506696 0.581950
2022.615396 -76.283950 -76.536249 0.581950
2022.634574 -76.705117 -76.564800 0.581950
2022.653752 -77.185865 -76.592363 0.581950
2022.672930 -77.699231 -76.618951 0.581950
2022.692108 -78.211265 -76.644582 0.581950
2022.711286 -78.686092 -76.669273 0.581950
2022.730464 -79.091262 -76.693047 0.581950
2022.749642 -79.402304 -76.715925 0.581950
2022.768820 -79.605552 -76.737931 0.581950
2022.787998 -79.698751 -76.759092 0.581950
2022.807176 -79.689475 -76.779436 0.581950
2022.826355 -79.591833 -76.798991 0.581950
2022.845533 -79.422358 -76.817789 0.581950
2022.864711 -79.196092 -76.835860 0.581950
2022.883889 -78.923812 -76.853238 0.581950
2022.903067 -78.611007 -76.869957 0.581950
2022.922245 -78.258791 -76.886050 0.581950
2022.941423 -77.866414 -76.901553 0.581950
2022.960601 -77.434654 -76.916502 0.581950
2022.988000 -76.820955 -76.938711 0.581950
