# x_interp smoothed_curve trend rsd2
2020.066736 -88.892500 -87.666101 1.596223
2020.085914 -88.536263 -87.720253 1.596223
2020.105092 -88.224546 -87.774524 1.596223
2020.124270 -87.978494 -87.828901 1.596223
2020.143448 -87.807124 -87.883370 1.596223
2020.162626 -87.707109 -87.937912 1.596223
2020.181804 -87.664712 -87.992508 1.596223
2020.200983 -87.659292 -88.047139 1.596223
2020.220161 -87.667535 -88.101781 1.596223
2020.239339 -87.667514 -88.156410 1.596223
2020.258517 -87.641807 -88.211003 1.596223
2020.277695 -87.579204 -88.265532 1.596223
2020.296873 -87.474957 -88.319968 1.596223
2020.316051 -87.329805 -88.374280 1.596223
2020.335229 -87.148342 -88.428439 1.596223
2020.354407 -86.937331 -88.482413 1.596223
2020.373585 -86.704556 -88.536170 1.596223
2020.392763 -86.458479 -88.589674 1.596223
2020.411941 -86.208771 -88.642889 1.596223
2020.431120 -85.967379 -88.695790 1.596223
2020.450298 -85.749578 -88.748335 1.596223
2020.469476 -85.574494 -88.800484 1.596223
2020.488654 -85.464531 -88.852214 1.596223
2020.507832 -85.443445 -88.903483 1.596223
2020.527010 -85.533262 -88.954256 1.596223
2020.546188 -85.750427 -89.004501 1.596223
2020.565366 -86.101979 -89.054183 1.596223
2020.584544 -86.582622 -89.103268 1.596223
2020.603722 -87.173466 -89.151727 1.596223
2020.622900 -87.842956 -89.199529 1.596223
2020.642078 -88.550073 -89.246644 1.596223
2020.661257 -89.249444 -89.293040 1.596223
2020.680435 -89.897503 -89.338693 1.596223
2020.699613 -90.458639 -89.383576 1.596223
2020.718791 -90.910166 -89.427669 1.596223
2020.737969 -91.245136 -89.470950 1.596223
2020.757147 -91.472421 -89.513399 1.596223
2020.776325 -91.614007 -89.554997 1.596223
2020.795503 -91.700013 -89.595729 1.596223
2020.814681 -91.762365 -89.635583 1.596223
2020.833859 -91.828411 -89.674548 1.596223
2020.853037 -91.915684 -89.712616 1.596223
2020.872215 -92.028883 -89.749782 1.596223
2020.891394 -92.159596 -89.786042 1.596223
2020.910572 -92.288809 -89.821396 1.596223
2020.929750 -92.391609 -89.855846 1.596223
2020.948928 -92.443096 -89.889396 1.596223
2020.968106 -92.424240 -89.922054 1.596223
2020.987284 -92.326484 -89.953830 1.596223
2021.006462 -92.154136 -89.984735 1.596223
2021.025640 -91.924095 -90.014785 1.596223
2021.044818 -91.662983 -90.043997 1.596223
2021.063996 -91.402300 -90.072389 1.596223
2021.083174 -91.172615 -90.099985 1.596223
2021.102352 -90.997951 -90.126811 1.596223
2021.121531 -90.891468 -90.152891 1.596223
2021.140709 -90.853256 -90.178253 1.596223
2021.159887 -90.870559 -90.202928 1.596223
2021.179065 -90.920294 -90.226949 1.596223
2021.198243 -90.973251 -90.250350 1.596223
2021.217421 -90.999084 -90.273164 1.596223
2021.236599 -90.971106 -90.295429 1.596223
2021.255777 -90.870023 -90.317179 1.596223
2021.274955 -90.686074 -90.338463 1.596223
2021.294133 -90.419339 -90.359312 1.596223
2021.313311 -90.078556 -90.379770 1.596223
2021.332489 -89.678868 -90.399876 1.596223
2021.351668 -89.239253 -90.419674 1.596223
2021.370846 -88.780238 -90.439204 1.596223
2021.390024 -88.322389 -90.458508 1.596223
2021.409202 -87.885685 -90.477629 1.596223
2021.428380 -87.489643 -90.496606 1.596223
2021.447558 -87.153766 -90.515479 1.596223
2021.466736 -86.897782 -90.534289 1.596223
2021.485914 -86.741184 -90.553077 1.596223
2021.505092 -86.701802 -90.571877 1.596223
2021.524270 -86.793452 -90.590726 1.596223
2021.543448 -87.023018 -90.609661 1.596223
2021.562626 -87.387613 -90.628714 1.596223
2021.581804 -87.872605 -90.647919 1.596223
2021.600983 -88.451199 -90.667307 1.596223
2021.620161 -89.086021 -90.686902 1.596223
2021.639339 -89.732811 -90.706732 1.596223
2021.658517 -90.345758 -90.726822 1.596223
2021.677695 -90.883722 -90.747190 1.596223
2021.696873 -91.316242 -90.767858 1.596223
2021.716051 -91.628162 -90.788841 1.596223
2021.735229 -91.821947 -90.810154 1.596223
2021.754407 -91.917090 -90.831809 1.596223
2021.773585 -91.946584 -90.853813 1.596223
2021.792763 -91.951002 -90.876175 1.596223
2021.811941 -91.971186 -90.898894 1.596223
2021.831120 -92.040896 -90.921973 1.596223
2021.850298 -92.180738 -90.945414 1.596223
2021.869476 -92.394518 -90.969209 1.596223
2021.888654 -92.668715 -90.993348 1.596223
2021.907832 -92.975125 -91.017819 1.596223
2021.927010 -93.276172 -91.042614 1.596223
2021.946188 -93.531821 -91.067718 1.596223
2021.965366 -93.706824 -91.093112 1.596223
2021.984544 -93.776902 -91.118776 1.596223
2022.003722 -93.732767 -91.144688 1.596223
2022.022900 -93.581312 -91.170822 1.596223
2022.042078 -93.343880 -91.197154 1.596223
2022.061257 -93.052063 -91.223656 1.596223
2022.080435 -92.741954 -91.250290 1.596223
2022.099613 -92.448043 -91.277033 1.596223
2022.118791 -92.197813 -91.303849 1.596223
2022.137969 -92.008071 -91.330703 1.596223
2022.157147 -91.883452 -91.357560 1.596223
2022.176325 -91.817169 -91.384381 1.596223
2022.195503 -91.793577 -91.411130 1.596223
2022.214681 -91.791829 -91.437767 1.596223
2022.233859 -91.789765 -91.464253 1.596223
2022.253037 -91.767244 -91.490550 1.596223
2022.272215 -91.708361 -91.516617 1.596223
2022.291394 -91.602373 -91.542414 1.596223
2022.310572 -91.443464 -91.567903 1.596223
2022.329750 -91.229807 -91.593044 1.596223
2022.348928 -90.962475 -91.617797 1.596223
2022.368106 -90.644737 -91.642126 1.596223
2022.387284 -90.282071 -91.665992 1.596223
2022.406462 -89.882938 -91.689359 1.596223
2022.425640 -89.460046 -91.712193 1.596223
2022.444818 -89.031585 -91.734458 1.596223
2022.463996 -88.621840 -91.756122 1.596223
2022.483174 -88.260615 -91.777153 1.596223
2022.502352 -87.981182 -91.797524 1.596223
2022.521531 -87.816794 -91.817205 1.596223
2022.540709 -87.796200 -91.836169 1.596223
2022.559887 -87.938925 -91.854395 1.596223
2022.579065 -88.251217 -91.871859 1.596223
2022.598243 -88.723611 -91.888540 1.596223
2022.617421 -89.330742 -91.904420 1.596223
2022.636599 -90.033686 -91.919482 1.596223
2022.655777 -90.784608 -91.933714 1.596223
2022.674955 -91.532998 -91.947106 1.596223
2022.694133 -92.232432 -91.959646 1.596223
2022.713311 -92.846686 -91.971328 1.596223
2022.732489 -93.354024 -91.982147 1.596223
2022.751668 -93.748937 -91.992098 1.596223
2022.770846 -94.040993 -92.001182 1.596223
2022.790024 -94.251093 -92.009401 1.596223
2022.809202 -94.405904 -92.016760 1.596223
2022.828380 -94.531614 -92.023261 1.596223
2022.847558 -94.648278 -92.028911 1.596223
2022.866736 -94.765854 -92.033720 1.596223
2022.885914 -94.882698 -92.037703 1.596223
2022.905092 -94.986711 -92.040869 1.596223
2022.924270 -95.058868 -92.043234 1.596223
2022.943448 -95.078222 -92.044816 1.596223
2022.962626 -95.027332 -92.045628 1.596223
2022.981804 -94.896895 -92.045694 1.596223
2023.000983 -94.688577 -92.045029 1.596223
2023.020161 -94.415490 -92.043651 1.596223
2023.039339 -94.100226 -92.041592 1.596223
2023.058517 -93.770824 -92.038867 1.596223
2023.077695 -93.455658 -92.035497 1.596223
2023.096873 -93.178225 -92.031510 1.596223
2023.116051 -92.952940 -92.026929 1.596223
2023.135229 -92.782766 -92.021782 1.596223
2023.154407 -92.659077 -92.016086 1.596223
2023.173585 -92.563747 -92.009868 1.596223
2023.192763 -92.472873 -92.003153 1.596223
2023.211941 -92.361365 -91.995967 1.596223
2023.231120 -92.207418 -91.988330 1.596223
2023.250298 -91.996033 -91.980266 1.596223
2023.269476 -91.720956 -91.971801 1.596223
2023.288654 -91.384864 -91.962953 1.596223
2023.307832 -90.997987 -91.953742 1.596223
2023.327010 -90.575691 -91.944191 1.596223
2023.346188 -90.135726 -91.934321 1.596223
2023.365366 -89.695834 -91.924148 1.596223
2023.384544 -89.272256 -91.913688 1.596223
2023.403722 -88.879331 -91.902957 1.596223
2023.422900 -88.530065 -91.891973 1.596223
2023.442078 -88.237229 -91.880748 1.596223
2023.461257 -88.014416 -91.869292 1.596223
2023.480435 -87.876442 -91.857620 1.596223
2023.499613 -87.838662 -91.845742 1.596223
2023.518791 -87.915123 -91.833665 1.596223
2023.537969 -88.115767 -91.821396 1.596223
2023.557147 -88.443286 -91.808942 1.596223
2023.566964 -88.680231 -91.798925 1.596223
