# x_interp smoothed_curve trend
2005.300462 -82.068457 -83.080236
2005.319431 -81.704284 -83.086473
2005.377049 -80.943266 -83.104540
2005.396636 -80.727866 -83.110157
2005.418174 -80.446516 -83.115980
2005.434454 -80.185317 -83.120106
2005.472793 -79.340473 -83.128339
2005.511130 -78.468810 -83.134436
2005.588078 -78.764864 -83.138163
2005.626260 -80.350014 -83.135064
2005.626275 -80.350737 -83.135063
2005.645712 -81.400502 -83.131752
2005.645731 -81.401552 -83.131749
2005.665204 -82.448256 -83.127513
2005.665226 -82.449442 -83.127507
2005.684583 -83.447865 -83.122369
2005.705843 -84.286468 -83.114940
2005.705860 -84.287143 -83.114934
2005.727774 -84.872135 -83.105781
2005.741553 -85.136845 -83.099444
2005.741572 -85.136968 -83.099434
2005.763524 -85.279652 -83.087647
2005.763541 -85.279763 -83.087638
2005.780139 -85.249774 -83.077332
2005.780185 -85.249618 -83.077303
2005.799385 -85.172560 -83.064471
2005.823992 -85.052130 -83.045924
2005.837622 -85.038730 -83.034373
2005.837643 -85.038709 -83.034355
2005.856939 -85.080419 -83.017070
2005.856952 -85.080501 -83.017057
2005.875999 -85.198288 -82.998811
2005.876016 -85.198485 -82.998793
2005.895036 -85.416740 -82.978487
2005.895051 -85.416914 -82.978471
2005.914696 -85.647636 -82.956213
2005.936657 -85.879396 -82.929630
2005.936676 -85.879527 -82.929606
2005.958162 -86.026803 -82.901835
2005.958177 -86.026778 -82.901814
2005.971653 -86.004664 -82.882901
2005.971674 -86.004630 -82.882872
2005.990881 -85.925009 -82.855312
2005.990904 -85.924772 -82.855278
2006.015778 -85.648292 -82.817304
2006.032182 -85.380906 -82.790696
2006.053976 -85.003330 -82.753898
2006.068335 -84.747407 -82.729023
2006.087142 -84.445103 -82.694641
2006.130474 -83.860371 -82.611257
2006.130497 -83.860097 -82.611211
2006.147490 -83.656196 -82.576955
2006.183126 -83.133789 -82.501843
2006.183147 -83.133397 -82.501797
2006.202230 -82.776239 -82.460245
2006.245927 -81.710841 -82.361387
2006.245944 -81.710389 -82.361347
2006.278879 -80.883264 -82.284368
2006.298048 -80.497704 -82.238711
2006.317380 -80.195807 -82.192247
2006.317399 -80.195664 -82.192201
2006.355487 -80.034927 -82.099471
2006.355506 -80.034955 -82.099424
2006.379947 -80.126187 -82.039566
2006.379966 -80.126310 -82.039520
2006.394013 -80.217427 -82.005068
2006.394037 -80.217588 -82.005008
2006.413044 -80.333450 -81.958494
2006.413071 -80.333611 -81.958429
2006.432102 -80.408659 -81.912028
2006.432121 -80.408683 -81.911981
2006.456901 -80.406435 -81.852012
2006.456924 -80.406331 -81.851958
2006.470651 -80.343746 -81.819071
2006.470675 -80.343633 -81.819011
2006.489876 -80.224011 -81.773523
2006.489899 -80.223842 -81.773469
2006.513969 -80.070223 -81.717361
2006.513990 -80.070132 -81.717313
2006.527810 -80.009772 -81.685636
2006.566104 -80.207730 -81.600670
2006.585306 -80.537604 -81.559666
2006.585333 -80.538061 -81.559609
2006.604477 -81.046565 -81.520336
2006.604503 -81.047316 -81.520281
2006.643255 -82.267723 -81.444462
2006.665830 -82.909354 -81.403774
2006.665866 -82.910381 -81.403709
2006.684977 -83.261761 -81.371250
2006.685025 -83.262490 -81.371171
2006.705812 -83.436098 -81.337717
2006.722656 -83.392253 -81.312125
2006.722685 -83.392178 -81.312082
2006.744747 -83.000365 -81.281668
2006.758895 -82.654526 -81.263488
2006.758919 -82.653776 -81.263458
2006.779829 -82.020232 -81.238524
2006.779932 -82.017100 -81.238405
2006.796376 -81.500092 -81.221727
2006.796400 -81.499314 -81.221702
2006.815856 -80.956510 -81.203569
2006.815881 -80.955932 -81.203548
2006.873495 -80.307441 -81.165741
2006.892635 -80.431187 -81.158148
2006.911720 -80.718612 -81.153898
2006.936421 -81.161974 -81.152542
2006.974366 -81.776915 -81.159241
2006.988545 -81.916901 -81.165269
2006.988575 -81.917201 -81.165282
2007.051157 -82.106506 -81.208833
2007.161286 -82.022402 -81.362128
2007.180048 -81.904959 -81.398055
2007.319996 -80.004630 -81.739972
2007.333796 -79.986873 -81.780302
2007.396766 -80.522534 -81.977631
2007.434557 -80.851972 -82.104598
2007.448815 -80.870985 -82.154274
2007.508919 -80.570496 -82.370219
2007.530782 -80.472514 -82.451191
2007.549985 -80.475816 -82.523033
2007.563693 -80.613506 -82.574866
2007.607574 -81.565232 -82.741974
2007.739142 -84.797097 -83.242957
2007.774671 -84.477109 -83.373989
2007.793929 -84.241987 -83.443998
2007.834989 -84.069370 -83.588746
2007.851564 -84.159498 -83.645836
2007.873474 -84.507451 -83.719443
2007.947831 -86.492358 -83.952890
2008.024106 -87.356406 -84.162700
2008.024137 -87.356342 -84.162777
2008.040412 -87.320630 -84.203690
2008.061938 -87.175345 -84.254187
2008.061963 -87.175179 -84.254244
2008.080855 -87.031249 -84.296218
2008.080878 -87.031067 -84.296268
2008.100110 -86.877475 -84.337048
2008.100131 -86.877308 -84.337090
2008.116892 -86.743460 -84.370387
2008.116915 -86.743278 -84.370432
2008.144203 -86.496892 -84.420547
2008.157884 -86.336493 -84.443600
2008.195983 -85.703693 -84.501139
2008.234223 -84.733624 -84.548761
2008.234242 -84.733040 -84.548781
2008.253391 -84.143787 -84.568156
2008.253410 -84.143204 -84.568176
2008.272476 -83.562908 -84.584816
2008.272494 -83.562391 -84.584830
2008.291781 -83.004527 -84.599425
2008.313544 -82.459034 -84.612623
2008.313564 -82.458511 -84.612636
2008.332612 -82.126893 -84.620434
2008.368236 -81.709858 -84.629372
2008.368268 -81.709540 -84.629378
2008.425567 -81.307824 -84.623186
2008.444735 -81.077375 -84.615502
2008.486143 -80.415693 -84.590599
2008.486168 -80.415273 -84.590579
2008.507517 -80.061966 -84.573436
2008.519200 -79.939956 -84.562010
2008.521274 -79.918296 -84.559982
2008.540291 -79.814825 -84.540097
2008.540323 -79.814930 -84.540060
2008.559424 -79.876866 -84.517847
2008.559447 -79.876940 -84.517821
2008.578520 -80.254408 -84.492432
2008.578542 -80.254886 -84.492402
2008.597735 -80.817683 -84.464933
2008.616790 -81.548041 -84.435774
2008.638712 -82.598546 -84.398738
2008.638733 -82.599546 -84.398703
2008.655064 -83.388926 -84.369115
2008.655085 -83.389938 -84.369076
2008.679351 -84.484163 -84.322650
2008.679368 -84.484836 -84.322615
2008.692760 -85.012110 -84.295656
2008.717574 -85.684366 -84.242670
2008.731037 -85.912373 -84.212644
2008.731056 -85.912523 -84.212600
2008.750463 -86.065793 -84.167728
2008.769752 -86.019434 -84.120723
2008.788940 -85.916031 -84.072480
2008.788957 -85.915905 -84.072436
2008.807980 -85.778402 -84.023187
2008.827144 -85.713344 -83.971253
2008.827163 -85.713279 -83.971202
2008.851453 -85.774577 -83.903398
2008.865471 -85.876177 -83.863381
2008.884589 -86.139247 -83.807194
2008.884612 -86.139560 -83.807127
2008.903364 -86.458792 -83.750588
2008.903387 -86.459206 -83.750519
2008.922738 -86.800903 -83.691095
2008.922755 -86.801184 -83.691042
2008.944425 -87.156921 -83.623046
2008.944479 -87.157421 -83.622875
2008.963936 -87.340483 -83.560129
2008.963955 -87.340662 -83.560068
2008.979688 -87.413312 -83.508698
2008.979901 -87.413308 -83.507996
2008.999311 -87.411096 -83.443847
2009.021157 -87.230513 -83.370107
2009.061984 -86.725825 -83.229595
2009.062003 -86.725569 -83.229529
2009.075588 -86.543205 -83.182061
2009.113986 -86.085058 -83.046139
2009.114003 -86.084871 -83.046078
2009.136014 -85.844378 -82.967268
2009.136031 -85.844191 -82.967206
2009.152334 -85.628697 -82.908329
2009.152350 -85.628496 -82.908274
2009.177104 -85.216099 -82.818561
2009.196132 -84.799444 -82.749325
2009.209882 -84.410747 -82.699140
2009.209897 -84.410317 -82.699084
2009.231710 -83.679293 -82.619372
2009.248594 -83.042960 -82.557627
2009.305653 -80.656086 -82.349303
2009.330576 -79.721853 -82.258789
2009.349568 -79.118344 -82.190194
2009.349587 -79.117740 -82.190125
2009.387890 -78.104631 -82.052917
2009.421140 -77.349956 -81.935449
2009.483900 -76.035457 -81.718751
2009.497856 -75.834038 -81.671598
2009.541349 -75.819368 -81.527590
2009.574570 -76.663937 -81.420589
2009.596178 -77.728518 -81.352833
2009.631939 -79.911795 -81.243243
2009.631954 -79.912794 -81.243198
2009.711562 -84.037212 -81.013211
2009.727717 -84.222520 -80.969314
2009.785594 -83.603804 -80.818080
2009.823659 -82.608726 -80.724651
2009.881233 -81.799432 -80.593046
2009.939098 -82.159121 -80.479234
