# x_interp smoothed_curve trend
2011.075634 -82.989980 -81.385225
2011.085160 -82.946229 -81.386012
2011.093373 -82.908508 -81.386691
2011.112424 -82.797825 -81.388201
2011.126113 -82.706559 -81.389246
2011.265402 -81.407416 -81.390574
2011.270991 -81.366210 -81.390165
2011.281829 -81.296584 -81.388984
2011.290042 -81.245480 -81.388026
2011.301108 -81.177051 -81.386563
2011.348849 -80.849336 -81.377177
2011.359915 -80.743348 -81.374142
2011.432182 -79.823377 -81.347616
2011.454085 -79.533072 -81.336843
2011.462413 -79.434691 -81.332397
2011.497891 -79.171926 -81.311269
2011.515516 -79.168613 -81.299334
2011.534795 -79.277442 -81.285148
2011.553846 -79.476357 -81.270121
2011.587898 -80.020748 -81.240604
2011.612538 -80.484842 -81.217032
2011.770877 -81.477481 -81.024484
2011.806583 -81.337425 -80.972259
2011.817421 -81.300612 -80.955984
2011.837898 -81.249622 -80.924417
2011.918493 -81.194587 -80.793452
2011.934920 -81.201809 -80.765730
2011.959675 -81.231573 -80.723484
2011.978726 -81.279175 -80.690653
2011.992415 -81.325340 -80.666973
2011.997891 -81.350630 -80.657462
2012.034681 -81.560929 -80.593479
2012.048256 -81.661860 -80.569875
2012.083962 -81.936934 -80.507994
2012.104439 -82.070255 -80.472840
2012.126228 -82.166958 -80.435791
2012.159082 -82.199691 -80.380774
2012.171231 -82.157145 -80.360881
2012.182411 -82.112673 -80.342620
2012.190396 -82.062867 -80.329779
2012.203743 -81.963221 -80.308498
2012.262321 -81.330960 -80.218981
2012.278863 -81.112138 -80.195065
2012.295632 -80.876579 -80.171518
2012.303846 -80.758345 -80.160129
2012.317535 -80.548172 -80.141723
2012.323125 -80.459575 -80.134327
2012.345997 -80.073541 -80.104931
2012.354211 -79.928290 -80.094616
2012.362424 -79.774327 -80.084628
2012.390031 -79.223893 -80.052475
2012.401097 -78.992769 -80.040179
2012.414672 -78.709824 -80.025667
2012.432525 -78.339834 -80.007244
2012.440053 -78.198797 -80.000043
2012.465151 -77.765415 -79.976726
2012.481121 -77.533902 -79.962723
2012.486825 -77.485240 -79.958184
2012.495039 -77.415165 -79.951647
2012.507188 -77.321053 -79.942095
2012.515516 -77.306033 -79.936143
2012.572896 -77.546509 -79.900048
2012.590521 -77.725023 -79.891183
2012.620638 -78.043998 -79.878251
2012.648359 -78.281241 -79.868839
2012.667409 -78.384288 -79.863838
2012.684920 -78.444874 -79.860078
2012.715037 -78.485742 -79.855789
2012.723136 -78.491883 -79.854971
2012.781829 -78.736205 -79.854660
2012.801336 -78.942818 -79.856279
2012.820273 -79.241691 -79.858834
2012.838012 -79.574704 -79.861808
2012.856720 -79.968997 -79.865501
2012.867786 -80.222308 -79.868019
2012.897902 -80.921340 -79.875731
2012.908968 -81.165247 -79.878968
2012.929330 -81.592811 -79.885196
2012.951005 -81.987663 -79.892339
2013.029319 -82.710637 -79.921334
2013.104325 -82.437221 -79.950897
2013.137179 -82.061036 -79.963601
2013.168607 -81.610889 -79.975345
2013.187201 -81.325652 -79.981987
2013.206823 -81.032305 -79.988760
2013.225988 -80.763404 -79.995113
2013.242073 -80.560505 -80.000207
2013.262778 -80.339484 -80.006382
2013.282057 -80.163140 -80.011781
2013.319930 -79.858595 -80.021419
2013.340636 -79.675877 -80.026014
2013.414672 -78.649765 -80.039101
2013.435034 -78.285185 -80.041797
2013.445758 -78.095968 -80.043120
2013.453971 -77.960143 -80.044020
2013.526353 -77.320575 -80.050416
2013.720284 -80.048156 -80.066674
2013.739335 -80.215640 -80.069678
2013.760040 -80.374543 -80.073649
2013.779205 -80.522700 -80.077971
2013.798370 -80.679368 -80.082909
2013.817078 -80.842836 -80.088359
2013.833848 -81.000043 -80.093909
2013.854325 -81.196678 -80.101663
2013.873490 -81.374902 -80.109828
2013.892541 -81.539691 -80.118819
2013.911820 -81.687655 -80.128851
2013.931954 -81.808572 -80.140734
2013.951005 -81.898731 -80.153129
2013.970398 -81.972966 -80.166838
2013.989449 -82.032929 -80.181407
2014.007074 -82.080674 -80.196026
2014.045518 -82.172546 -80.231943
2014.064569 -82.207902 -80.251546
2014.084589 -82.230292 -80.273505
2014.101473 -82.220061 -80.293500
2014.120295 -82.178081 -80.316867
2014.203743 -81.516125 -80.435751
2014.223022 -81.276148 -80.466906
2014.241959 -81.032046 -80.498640
2014.259812 -80.798990 -80.529512
2014.278748 -80.553533 -80.563477
2014.295175 -80.341788 -80.593997
2014.314340 -80.091588 -80.630412
2014.337441 -79.777855 -80.675652
2014.584932 -78.506656 -81.215264
2014.606948 -78.887672 -81.264141
2014.623490 -79.167096 -81.300524
2014.642198 -79.437925 -81.341084
2014.661705 -79.669152 -81.382769
2014.678988 -79.830621 -81.419154
2014.698267 -79.953355 -81.458873
2014.717546 -80.039824 -81.497465
2014.736483 -80.123935 -81.534389
2014.756960 -80.237717 -81.573116
2014.776125 -80.387225 -81.608175
2014.795290 -80.618290 -81.641663
2014.814569 -80.938376 -81.673805
2014.833505 -81.325503 -81.703972
2014.837784 -81.423804 -81.710573
2014.851130 -81.742093 -81.730836
2014.873147 -82.337411 -81.762291
2014.889574 -82.817087 -81.783835
2014.929445 -83.977369 -81.831235
2014.951119 -84.570426 -81.853620
2015.276467 -82.839809 -81.876705
2015.295746 -82.405901 -81.861247
2015.314455 -82.006651 -81.844699
2015.354325 -81.173852 -81.804765
2015.373376 -80.765624 -81.783903
2015.392198 -80.351299 -81.762292
2015.411934 -79.906498 -81.738383
2015.429673 -79.516565 -81.716048
2015.448267 -79.132327 -81.692019
2015.467432 -78.778107 -81.666617
2015.620524 -79.120358 -81.452428
2015.640031 -79.369359 -81.425494
2015.658968 -79.573525 -81.399831
2015.676478 -79.715426 -81.376667
2015.695758 -79.834420 -81.351723
2015.714808 -79.917068 -81.327748
2015.733973 -79.974848 -81.304496
2015.754450 -80.038858 -81.280824
2015.773387 -80.120423 -81.259950
2015.792438 -80.232511 -81.239940
2015.811717 -80.383243 -81.220763
2015.830768 -80.579971 -81.203233
2015.848963 -80.797477 -81.187760
2015.867672 -81.036389 -81.172972
2015.886837 -81.289067 -81.159075
2016.078030 -82.937217 -81.103689
2016.095655 -83.002784 -81.106298
2016.114934 -83.046602 -81.110357
2016.133985 -83.055726 -81.115648
2016.153264 -83.020478 -81.122438
2016.176364 -82.918038 -81.132433
2016.195529 -82.790965 -81.142161
2016.214580 -82.639013 -81.152898
2016.230893 -82.493698 -81.162811
2016.251598 -82.288489 -81.176706
2016.270649 -82.084856 -81.190596
2016.289814 -81.865818 -81.205384
2016.309321 -81.624235 -81.221224
2016.328144 -81.369526 -81.237187
2016.348507 -81.051168 -81.255349
2016.367900 -80.712981 -81.273229
2016.386837 -80.359302 -81.291124
2016.406001 -79.988021 -81.309606
2016.423741 -79.646533 -81.327023
2016.442905 -79.321147 -81.346085
2016.461842 -79.064496 -81.365043
2016.481007 -78.889684 -81.384290
2016.501598 -78.827010 -81.404961
2016.520535 -78.926662 -81.423838
2016.539928 -79.156549 -81.442959
2016.558865 -79.479058 -81.461375
2016.578372 -79.891587 -81.480021
2016.595655 -80.304799 -81.496160
2016.615048 -80.766898 -81.513728
2016.634213 -81.187954 -81.530560
2016.653264 -81.551014 -81.546731
2016.670774 -81.814611 -81.561016
2016.690168 -82.002135 -81.575977
2016.709333 -82.113957 -81.590018
2016.728612 -82.167570 -81.603368
2016.747434 -82.179127 -81.615632
2016.767911 -82.174972 -81.627755
2016.787076 -82.190236 -81.638097
2016.806241 -82.235035 -81.647536
2016.825748 -82.317152 -81.656189
2016.843259 -82.426650 -81.663059
2016.862082 -82.578483 -81.669289
2016.881361 -82.748044 -81.674721
2016.900754 -82.922393 -81.679195
2016.920889 -83.094180 -81.682758
2016.939939 -83.228809 -81.684888
2016.959447 -83.332837 -81.686013
2016.975531 -83.394616 -81.686247
2016.997548 -83.438336 -81.685434
2017.015173 -83.438963 -81.683841
2017.036734 -83.396389 -81.680716
2017.050651 -83.346097 -81.678105
2017.072782 -83.230897 -81.673068
2017.090407 -83.107124 -81.668292
2017.109344 -82.933169 -81.662238
2017.128509 -82.728895 -81.655439
2017.147788 -82.499634 -81.647943
2017.173741 -82.166354 -81.636755
2017.192905 -81.919655 -81.627866
2017.231121 -81.496211 -81.608442
2017.250172 -81.334681 -81.598150
2017.267797 -81.213286 -81.588351
2017.284224 -81.130103 -81.578940
2017.306127 -81.037197 -81.566136
2017.325634 -80.952856 -81.554548
2017.345655 -80.846780 -81.542543
2017.365048 -80.711576 -81.530857
2017.384099 -80.524748 -81.519392
2017.403492 -80.287416 -81.507813
2017.440053 -79.770171 -81.486382
2017.459447 -79.494473 -81.475359
2017.478269 -79.275282 -81.465004
2017.497434 -79.115639 -81.454795
2017.537076 -79.046694 -81.434947
2017.556127 -79.171653 -81.426248
2017.575292 -79.368279 -81.418066
2017.593031 -79.589557 -81.410981
2017.668151 -80.537917 -81.387538
2017.687430 -80.701463 -81.383316
2017.706366 -80.822323 -81.380007
2017.725531 -80.923794 -81.377620
2017.744925 -81.031229 -81.376016
2017.765173 -81.165565 -81.375250
2017.784567 -81.329981 -81.375388
2017.803617 -81.547883 -81.376566
2017.822668 -81.816578 -81.378710
2017.840407 -82.096582 -81.381452
2017.859344 -82.418469 -81.385175
2017.878851 -82.757863 -81.390054
2017.897674 -83.060865 -81.395808
2017.918379 -83.350601 -81.403088
2017.937201 -83.561865 -81.410589
2017.956595 -83.719639 -81.419184
2017.975760 -83.793056 -81.428763
2017.995039 -83.798018 -81.439318
2018.031943 -83.653461 -81.461767
2018.050994 -83.500533 -81.474642
2018.070159 -83.302089 -81.488504
2018.087327 -83.099518 -81.501534
2018.106492 -82.850602 -81.516741
2018.125657 -82.582845 -81.532746
2018.144822 -82.313297 -81.549579
2018.170546 -81.974038 -81.573133
2018.208876 -81.596855 -81.610392
2018.244468 -81.456533 -81.647065
2018.265059 -81.477505 -81.669119
2018.283996 -81.542928 -81.689852
2018.303161 -81.638098 -81.711233
2018.322326 -81.738935 -81.733045
2018.342688 -81.806640 -81.756626
2018.381018 -81.746193 -81.801842
2018.400297 -81.603746 -81.824918
2018.416839 -81.398539 -81.844900
2018.437087 -81.096620 -81.869468
2018.456138 -80.780335 -81.892669
2018.475417 -80.453318 -81.916197
2018.494582 -80.161503 -81.939596
2018.515059 -79.930981 -81.964539
2018.534452 -79.801950 -81.988065
2018.553275 -79.761144 -82.010780
2018.589951 -79.935759 -82.054508
2018.609116 -80.122280 -82.076983
2018.628280 -80.339868 -82.099181
2018.647445 -80.572114 -82.121073
2018.666725 -80.799455 -82.142655
2018.684235 -80.989229 -82.161848
2018.703400 -81.183230 -82.182470
2018.722679 -81.365984 -82.202754
2018.741730 -81.541968 -82.222233
2018.762093 -81.742956 -82.242359
2018.781258 -81.951858 -82.260694
2018.800423 -82.181478 -82.278438
2018.819930 -82.436567 -82.295860
2018.837441 -82.681477 -82.310749
2018.856378 -82.945336 -82.326171
2018.875543 -83.201531 -82.341086
2018.894936 -83.440017 -82.355442
2018.913873 -83.636800 -82.368584
2018.934235 -83.801921 -82.381731
2018.953400 -83.920282 -82.393260
2018.972679 -84.008693 -82.404048
2018.992415 -84.072188 -82.414219
2019.009469 -84.107422 -82.422066
2019.028863 -84.136184 -82.430162
2019.067649 -84.156730 -82.443726
2019.084589 -84.141708 -82.448368
2019.103640 -84.097514 -82.452696
2019.122919 -84.021840 -82.456221
2019.141970 -83.913524 -82.458861
2019.167808 -83.701673 -82.460849
2019.187087 -83.508644 -82.461363
2019.206366 -83.290440 -82.460775
2019.225303 -83.070241 -82.459409
2019.244468 -82.848237 -82.457254
2019.262093 -82.649077 -82.454643
2019.278520 -82.476174 -82.451324
2019.297799 -82.279429 -82.446849
2019.319588 -82.061350 -82.440911
2019.339951 -81.853297 -82.434561
2019.359230 -81.644393 -82.427840
2019.378395 -81.418036 -82.420403
2019.397445 -81.184699 -82.412481
2019.416610 -80.951195 -82.404012
2019.434235 -80.745200 -82.395828
2019.453400 -80.572580 -82.386355
2019.472679 -80.464446 -82.376470
2019.491730 -80.434993 -82.366388
2019.509698 -80.482064 -82.356639
2019.531372 -80.676049 -82.344555
2019.550423 -80.946968 -82.333748
2019.569702 -81.273980 -82.322730
2019.587441 -81.601507 -82.312558
2019.606378 -81.957736 -82.301702
2019.625657 -82.270941 -82.290764
2019.644822 -82.513551 -82.280048
2019.663873 -82.676823 -82.269599
2019.681612 -82.757801 -82.260074
2019.700777 -82.734746 -82.250230
2019.719827 -82.651929 -82.240862
2019.739335 -82.529341 -82.231739
2019.759583 -82.385828 -82.222852
2019.778748 -82.261503 -82.215062
2019.797913 -82.188032 -82.208140
2019.817192 -82.166517 -82.201906
2019.833962 -82.188913 -82.197075
2020.101473 -83.804488 -82.239494
2020.120295 -83.702772 -82.252890
2020.139460 -83.547019 -82.268079
2020.158625 -83.348143 -82.284741
2020.181726 -83.059856 -82.306966
2020.200891 -82.797989 -82.327041
2020.220056 -82.532005 -82.349009
2020.239335 -82.281552 -82.372844
2020.256846 -82.073638 -82.395793
2020.276239 -81.868119 -82.422658
2020.426593 -80.519616 -82.687222
2020.445415 -80.340554 -82.726620
2020.464694 -80.218832 -82.768751
2020.483859 -80.172898 -82.811856
2020.504336 -80.222625 -82.859230
2020.523729 -80.374101 -82.905310
2020.542780 -80.632681 -82.951762
2020.770763 -84.200639 -83.576832
2020.789928 -84.298913 -83.633072
2020.809093 -84.430222 -83.689621
2020.828258 -84.590345 -83.746323
2020.845769 -84.758321 -83.798222
2020.865048 -84.964892 -83.855419
2020.962185 -85.940736 -84.141965
2020.978383 -86.044122 -84.189041
2021.131817 -86.115243 -84.616819
2021.150868 -85.984347 -84.666742
2021.176250 -85.782821 -84.732048
2021.195643 -85.621347 -84.780873
2021.214694 -85.468122 -84.827986
2021.233973 -85.328220 -84.874735
2021.251370 -85.228508 -84.915795
2021.289814 -85.052275 -85.003892
2021.309093 -84.972576 -85.046588
2021.328144 -84.868906 -85.087422
2021.348392 -84.713270 -85.129677
2021.367557 -84.512544 -85.168565
2021.386722 -84.257008 -85.206398
2021.406230 -83.936698 -85.243727
2021.423512 -83.611066 -85.275501
2021.442905 -83.243240 -85.310190
2021.464580 -82.858471 -85.347569
2021.481007 -82.599952 -85.375071
2021.504108 -82.380914 -85.411882
2021.520535 -82.350106 -85.436856
2021.539814 -82.415896 -85.465243
2021.558865 -82.600803 -85.492188
2021.578144 -82.914042 -85.518199
2021.656116 -84.759585 -85.610635
2021.673512 -85.142612 -85.628485
2021.689939 -85.458828 -85.644421
2021.709104 -85.780426 -85.662082
2021.728383 -86.047257 -85.678752
2021.747434 -86.247079 -85.693788
2021.767797 -86.422469 -85.708661
2021.786962 -86.560401 -85.721539
2021.806127 -86.678880 -85.733374
2021.825292 -86.781139 -85.744099
2021.843031 -86.857223 -85.752776
2021.862082 -86.921870 -85.761196
2021.881247 -86.965697 -85.768670
2021.900526 -86.985550 -85.775182
2021.920889 -86.970607 -85.780633
2021.940053 -86.935402 -85.784702
2021.959218 -86.888258 -85.787825
2021.997663 -86.786407 -85.791200
2022.015173 -86.756249 -85.791206
2022.037190 -86.735382 -85.790235
2022.056127 -86.732564 -85.788440
2022.072554 -86.738416 -85.786283
2022.090179 -86.747883 -85.782914
2022.109458 -86.751037 -85.778503
2022.128623 -86.742054 -85.773320
2022.147788 -86.716656 -85.767357
2022.173626 -86.647789 -85.757848
2022.384213 -85.470969 -85.633518
2022.403149 -85.163627 -85.619091
2022.420774 -84.843741 -85.605361
2022.440053 -84.466939 -85.589945
2022.459333 -84.105900 -85.574186
2022.481007 -83.753985 -85.556181
2022.497548 -83.541701 -85.542265
2022.517797 -83.371457 -85.525043
2022.537076 -83.341164 -85.508485
2022.558751 -83.427875 -85.489781
2022.575520 -83.568960 -85.475289
2022.593031 -83.763884 -85.460159
2022.612082 -84.023906 -85.443757
2022.631247 -84.289810 -85.427381
2022.650526 -84.538910 -85.411064
2022.668379 -84.743823 -85.396115
2022.687316 -84.917184 -85.380510
2022.706481 -85.043342 -85.365072
2022.725531 -85.141225 -85.350064
2022.744811 -85.223190 -85.335252
2022.765059 -85.304581 -85.320168
2022.784224 -85.396713 -85.306481
2022.840179 -85.794095 -85.269834
2022.859572 -85.963972 -85.258454
2022.878623 -86.125762 -85.248115
2022.897788 -86.272356 -85.238438
2022.918151 -86.402128 -85.229010
2022.937316 -86.494843 -85.220949
2023.012435 -86.561886 -85.198902
2023.031600 -86.533167 -85.195753
2023.069930 -86.441544 -85.192774
2023.087784 -86.383257 -85.192724
2023.106834 -86.305211 -85.193782
2023.125999 -86.204932 -85.196180
2023.145050 -86.089916 -85.199606
2023.171003 -85.914551 -85.206049
2023.190282 -85.780437 -85.212178
2023.247777 -85.454605 -85.237501
2023.265059 -85.391983 -85.247117
2023.284452 -85.335796 -85.258893
2023.303617 -85.286505 -85.271707
2023.322668 -85.219757 -85.285673
2023.343031 -85.113578 -85.301654
2023.362310 -84.968081 -85.317788
2023.381589 -84.772295 -85.334856
2023.400640 -84.515517 -85.352839
2023.418379 -84.240907 -85.370438
2023.437316 -83.934742 -85.389947
2023.456481 -83.627961 -85.410465
2023.475646 -83.361195 -85.431859
2023.494925 -83.177145 -85.454198
2023.534567 -83.095735 -85.502091
2023.553503 -83.206363 -85.525804
2023.572668 -83.433045 -85.550428
2023.590293 -83.702621 -85.572386
2023.609572 -84.019304 -85.596159
