# x_interp smoothed_curve trend
2011.075634 -83.193297 -81.839009
2011.085160 -83.110729 -81.844826
2011.093373 -83.039542 -81.849841
2011.112424 -82.843425 -81.861044
2011.126113 -82.688173 -81.868869
2011.265402 -81.240226 -81.924620
2011.270991 -81.204024 -81.925915
2011.281829 -81.140166 -81.927727
2011.290042 -81.092799 -81.928989
2011.301108 -81.028806 -81.930392
2011.348849 -80.738578 -81.931213
2011.359915 -80.666237 -81.929985
2011.432182 -80.326917 -81.911263
2011.454085 -80.339840 -81.901294
2011.462413 -80.365971 -81.896961
2011.497891 -80.616992 -81.875133
2011.515516 -80.825851 -81.862083
2011.534795 -81.098908 -81.846085
2011.553846 -81.391354 -81.828747
2011.570273 -81.651715 -81.812725
2011.587898 -81.919016 -81.793706
2011.612538 -82.246440 -81.764986
2011.770877 -82.309986 -81.517688
2011.781829 -82.221517 -81.496807
2011.806583 -82.012332 -81.448245
2011.837898 -81.741980 -81.384067
2011.918493 -81.253515 -81.205862
2011.934920 -81.226254 -81.167733
2011.959675 -81.246564 -81.109366
2011.978726 -81.312298 -81.063780
2011.992415 -81.375668 -81.030814
2011.997891 -81.408553 -81.017529
2012.034681 -81.652184 -80.927874
2012.048256 -81.746393 -80.894595
2012.083962 -81.967892 -80.806992
2012.104439 -82.051909 -80.756903
2012.126228 -82.102033 -80.703889
2012.139460 -82.114886 -80.671858
2012.159082 -82.100771 -80.624735
2012.171231 -82.068591 -80.595929
2012.182411 -82.035978 -80.569468
2012.190396 -82.001675 -80.550793
2012.203743 -81.934333 -80.519780
2012.262321 -81.438972 -80.388207
2012.278863 -81.224981 -80.352697
2012.295632 -80.968702 -80.317567
2012.303846 -80.835002 -80.300539
2012.317535 -80.583081 -80.272888
2012.323125 -80.474063 -80.261750
2012.345997 -79.996042 -80.217283
2012.354211 -79.815382 -80.201625
2012.362424 -79.629687 -80.186394
2012.390031 -78.998048 -80.137049
2012.401097 -78.751169 -80.118049
2012.414672 -78.469550 -80.095505
2012.432525 -78.124918 -80.066740
2012.440053 -78.012624 -80.055373
2012.465151 -77.687323 -80.018419
2012.481121 -77.539292 -79.996038
2012.486825 -77.519439 -79.988679
2012.495039 -77.490849 -79.978082
2012.507188 -77.455645 -79.962568
2012.515516 -77.468281 -79.952761
2012.572896 -77.733374 -79.892085
2012.590521 -77.851063 -79.876596
2012.620638 -78.033636 -79.853309
2012.648359 -78.157890 -79.835488
2012.667409 -78.219065 -79.825394
2012.684920 -78.268636 -79.817356
2012.715037 -78.363293 -79.806794
2012.723136 -78.393855 -79.804458
2012.781829 -78.838557 -79.796178
2012.801336 -79.078485 -79.796120
2012.820273 -79.370710 -79.797645
2012.838012 -79.676310 -79.800025
2012.856720 -80.025887 -79.803460
2012.867786 -80.246602 -79.806051
2012.897902 -80.865417 -79.814591
2012.908968 -81.092505 -79.818444
2012.929330 -81.502416 -79.826032
2012.951005 -81.909262 -79.835078
2013.029319 -82.776825 -79.874483
2013.104325 -82.405500 -79.917877
2013.137179 -81.959565 -79.937458
2013.168607 -81.494038 -79.956066
2013.187201 -81.237373 -79.966872
2013.206823 -80.992736 -79.978075
2013.225988 -80.782852 -79.988775
2013.242073 -80.631089 -79.997518
2013.262778 -80.457442 -80.008358
2013.319930 -79.947369 -80.035922
2013.340636 -79.693211 -80.044831
2013.414672 -78.474092 -80.071982
2013.435034 -78.130982 -80.078065
2013.445758 -77.962427 -80.081106
2013.453971 -77.852768 -80.083238
2013.526353 -77.433344 -80.098900
2013.720284 -80.277631 -80.122132
2013.739335 -80.589261 -80.124437
2013.760040 -80.893459 -80.127329
2013.779205 -81.138900 -80.130408
2014.007074 -81.795222 -80.220287
2014.045518 -81.830946 -80.249883
2014.064569 -81.840779 -80.266299
2014.084589 -81.838284 -80.284886
2014.101473 -81.816431 -80.302032
2014.120295 -81.776240 -80.322234
2014.203743 -81.394107 -80.427507
2014.223022 -81.257161 -80.455702
2014.241959 -81.100792 -80.484612
2014.259812 -80.931200 -80.512900
2014.278748 -80.715482 -80.544237
2014.295175 -80.489002 -80.572593
2014.314340 -80.192711 -80.606581
2014.337441 -79.783648 -80.649079
2014.584932 -78.644432 -81.174157
2014.606948 -78.943149 -81.223119
2014.623490 -79.150716 -81.259705
2014.642198 -79.352250 -81.300666
2014.661705 -79.534654 -81.342911
2014.678988 -79.676496 -81.379905
2014.698267 -79.815583 -81.420457
2014.717546 -79.954156 -81.460042
2014.736483 -80.104918 -81.498060
2014.756960 -80.295820 -81.538098
2014.776125 -80.509927 -81.574499
2014.795290 -80.779032 -81.609456
2014.814569 -81.105029 -81.643180
2014.833505 -81.472441 -81.674984
2014.837784 -81.562565 -81.681968
2014.851130 -81.852599 -81.703438
2014.873147 -82.384951 -81.736976
2014.889574 -82.820837 -81.760146
2014.929445 -83.923302 -81.811634
2014.951119 -84.523548 -81.836319
2015.276467 -82.892738 -81.892433
2015.295746 -82.465837 -81.878481
2015.314455 -82.044421 -81.863313
2015.331224 -81.655786 -81.848268
2015.354325 -81.111028 -81.826040
2015.373376 -80.659295 -81.806328
2015.392198 -80.218673 -81.785775
2015.411934 -79.786064 -81.762869
2015.429673 -79.442750 -81.741350
2015.448267 -79.132062 -81.718106
2015.467432 -78.875623 -81.693432
2015.620524 -79.218048 -81.481902
2015.640031 -79.364734 -81.454946
2015.658968 -79.493390 -81.429181
2015.676478 -79.600827 -81.405853
2015.695758 -79.713035 -81.380672
2015.714808 -79.820645 -81.356402
2015.733973 -79.931356 -81.332786
2015.754450 -80.061083 -81.308651
2015.773387 -80.193375 -81.287291
2015.792438 -80.338456 -81.266743
2015.811717 -80.497740 -81.246973
2015.830768 -80.669133 -81.228799
2015.848963 -80.842415 -81.212665
2015.867672 -81.027812 -81.197161
2015.886837 -81.224875 -81.182491
2016.078030 -82.983640 -81.117528
2016.095655 -83.015542 -81.119123
2016.114934 -83.020862 -81.122058
2016.133985 -82.997160 -81.126221
2016.153264 -82.945821 -81.131853
2016.176364 -82.858419 -81.140439
2016.195529 -82.769218 -81.148983
2016.214580 -82.666318 -81.158533
2016.230893 -82.566874 -81.167423
2016.251598 -82.409910 -81.180008
2016.270649 -82.222741 -81.192684
2016.289814 -81.991142 -81.206246
2016.309321 -81.706308 -81.220834
2016.328144 -81.383276 -81.235587
2016.348507 -80.969390 -81.252438
2016.367900 -80.545393 -81.269072
2016.386837 -80.126178 -81.285753
2016.406001 -79.715831 -81.303012
2016.423741 -79.373988 -81.319303
2016.442905 -79.092119 -81.337162
2016.461842 -78.904899 -81.354941
2016.481007 -78.817197 -81.373011
2016.501598 -78.852249 -81.392436
2016.520535 -79.021293 -81.410194
2016.539928 -79.288332 -81.428197
2016.558865 -79.613610 -81.445548
2016.578372 -79.995360 -81.463127
2016.595655 -80.354534 -81.478356
2016.615048 -80.745066 -81.494948
2016.634213 -81.101981 -81.510859
2016.653264 -81.418403 -81.526160
2016.670774 -81.665082 -81.539692
2016.690168 -81.876559 -81.553889
2016.709333 -82.041373 -81.567238
2016.728612 -82.169354 -81.579956
2016.747434 -82.264682 -81.591669
2016.767911 -82.341214 -81.603301
2016.787076 -82.404712 -81.613276
2016.806241 -82.467762 -81.622433
2016.825748 -82.536200 -81.630892
2016.843259 -82.605470 -81.637678
2016.862082 -82.693897 -81.643941
2016.881361 -82.796148 -81.649511
2016.900754 -82.909974 -81.654237
2016.920889 -83.037576 -81.658189
2016.939939 -83.161339 -81.660843
2016.959447 -83.279086 -81.662644
2016.975531 -83.363693 -81.663532
2016.997548 -83.449229 -81.663776
2017.015173 -83.481070 -81.663172
2017.036734 -83.457078 -81.661447
2017.050651 -83.405403 -81.659841
2017.072782 -83.267879 -81.656562
2017.090407 -83.110644 -81.653329
2017.109344 -82.894515 -81.649122
2017.128509 -82.654788 -81.644340
2017.147788 -82.404247 -81.639027
2017.173741 -82.081107 -81.631053
2017.192905 -81.867828 -81.624713
2017.231121 -81.557494 -81.610912
2017.250172 -81.445289 -81.603653
2017.267797 -81.355659 -81.596779
2017.284224 -81.276382 -81.590234
2017.306127 -81.151890 -81.581419
2017.325634 -81.009838 -81.573539
2017.345655 -80.827235 -81.565478
2017.365048 -80.612792 -81.557740
2017.384099 -80.363460 -81.550297
2017.403492 -80.094350 -81.542930
2017.440053 -79.607875 -81.529697
2017.459447 -79.399592 -81.523163
2017.478269 -79.262691 -81.517246
2017.497434 -79.184434 -81.511611
2017.537076 -79.226576 -81.501372
2017.556127 -79.346929 -81.497344
2017.575292 -79.505056 -81.493870
2017.593031 -79.671208 -81.491140
2017.668151 -80.418507 -81.485855
2017.687430 -80.598180 -81.486153
2017.706366 -80.771830 -81.487193
2017.725531 -80.952080 -81.489084
2017.744925 -81.142804 -81.491694
2017.765173 -81.353449 -81.495186
2017.784567 -81.567424 -81.499256
2017.803617 -81.791217 -81.504107
2017.822668 -82.023398 -81.509730
2017.840407 -82.242685 -81.515552
2017.859344 -82.477476 -81.522386
2017.878851 -82.714723 -81.530224
2017.897674 -82.931622 -81.538567
2017.918379 -83.153243 -81.548441
2017.937201 -83.334068 -81.558053
2017.956595 -83.495220 -81.568572
2017.975760 -83.612904 -81.579718
2017.995039 -83.685768 -81.591550
2018.031943 -83.696165 -81.615675
2018.050994 -83.620232 -81.628954
2018.070159 -83.488179 -81.642873
2018.087555 -83.336674 -81.655884
2018.106720 -83.142439 -81.670612
2018.125885 -82.929823 -81.685793
2018.145050 -82.724593 -81.701437
2018.170774 -82.486050 -81.722947
2018.209104 -82.272043 -81.756103
2018.228498 -82.229727 -81.773286
2018.244696 -82.231947 -81.787872
2018.265287 -82.251837 -81.806618
2018.284224 -82.271306 -81.824041
2018.303389 -82.276359 -81.841824
2018.322554 -82.241529 -81.859757
2018.342917 -82.136645 -81.878934
2018.381247 -81.763814 -81.915225
2018.400526 -81.501232 -81.933533
2018.417067 -81.242245 -81.949244
2018.437316 -80.920997 -81.968450
2018.456366 -80.630376 -81.986477
2018.475646 -80.363501 -82.004662
2018.494811 -80.151548 -82.022646
2018.515287 -79.999191 -82.041727
2018.534681 -79.920336 -82.059662
2018.553503 -79.899571 -82.076931
2018.590179 -80.013249 -82.110089
2018.609344 -80.134154 -82.127113
2018.628509 -80.282346 -82.143933
2018.647674 -80.452807 -82.160538
2018.666953 -80.645918 -82.176953
2018.684464 -80.836339 -82.191603
2018.703629 -81.056583 -82.207401
2018.722908 -81.290366 -82.223019
2018.741959 -81.533201 -82.238129
2018.762321 -81.800908 -82.253885
2018.781486 -82.053879 -82.268382
2018.800651 -82.303390 -82.282560
2018.820159 -82.549598 -82.296651
2018.837669 -82.756462 -82.308911
2018.856606 -82.964457 -82.321815
2018.875771 -83.159480 -82.334520
2018.895164 -83.341094 -82.347003
2018.914101 -83.502336 -82.358756
2018.934464 -83.660722 -82.370897
2018.953629 -83.797839 -82.381903
2018.972908 -83.923346 -82.392574
2018.992643 -84.036456 -82.403063
2019.009698 -84.112482 -82.411669
2019.029091 -84.172060 -82.421036
2019.067877 -84.192458 -82.438466
2019.084817 -84.148140 -82.445444
2019.103868 -84.061491 -82.452834
2019.123147 -83.943759 -82.459880
2019.142198 -83.802729 -82.466414
2019.168037 -83.582255 -82.474455
2019.187316 -83.409479 -82.479956
2019.206595 -83.236135 -82.484864
2019.225531 -83.066524 -82.489262
2019.244696 -82.893033 -82.493294
2019.262321 -82.730020 -82.496657
2019.278748 -82.563814 -82.499299
2019.298027 -82.352156 -82.502060
2019.319816 -82.085938 -82.504669
2019.340179 -81.811463 -82.506631
2019.359458 -81.532746 -82.508061
2019.378623 -81.253076 -82.508998
2019.397674 -80.993307 -82.509582
2019.416839 -80.764631 -82.509833
2019.434464 -80.591173 -82.509795
2019.453629 -80.494687 -82.509324
2019.472908 -80.476083 -82.508569
2019.491959 -80.534679 -82.507559
2019.509926 -80.654605 -82.506391
2019.531600 -80.891376 -82.504656
2019.550651 -81.149427 -82.502885
2019.569930 -81.424323 -82.500934
2019.587669 -81.676042 -82.499019
2019.606606 -81.928611 -82.496856
2019.625885 -82.136235 -82.494547
2019.645050 -82.297417 -82.492210
2019.664101 -82.414003 -82.489872
2019.681840 -82.487207 -82.487701
2019.701005 -82.522580 -82.485429
2019.720056 -82.540306 -82.483271
2019.739335 -82.552419 -82.481216
2019.759583 -82.569970 -82.479240
2019.778748 -82.602345 -82.477586
2019.797913 -82.667233 -82.476263
2019.817192 -82.762004 -82.475231
2019.833962 -82.867551 -82.474585
2019.862196 -83.106577 -82.474268
2019.873147 -83.214625 -82.474372
2019.892312 -83.425222 -82.475026
2019.911363 -83.649604 -82.476167
2019.931954 -83.901421 -82.478015
2019.951005 -84.132758 -82.480353
2019.970056 -84.341302 -82.483494
2019.997777 -84.588337 -82.489178
2020.007188 -84.644815 -82.491516
2020.026239 -84.728887 -82.496668
2020.064455 -84.644072 -82.509968
2020.083620 -84.497287 -82.517891
2020.101473 -84.304593 -82.526011
2020.120295 -84.032383 -82.535743
2020.139460 -83.720549 -82.546662
2020.158625 -83.391948 -82.558557
2020.181726 -82.995461 -82.574339
2020.200891 -82.683213 -82.588557
2020.220056 -82.406454 -82.604103
2020.239335 -82.166677 -82.620991
2020.256846 -81.975250 -82.637281
2020.276239 -81.789074 -82.656398
2020.426593 -80.640711 -82.849269
2020.445415 -80.571867 -82.878745
2020.464694 -80.573078 -82.910568
2020.483859 -80.632644 -82.943363
2020.504336 -80.759391 -82.979681
2020.523729 -80.934701 -83.015281
2020.542780 -81.153911 -83.051460
2020.564340 -81.439656 -83.094009
2020.580882 -81.666752 -83.127671
2020.598392 -81.906447 -83.164035
2020.633985 -82.359552 -83.241001
2020.656001 -82.610315 -83.290398
2020.673626 -82.799136 -83.330833
2020.692905 -82.997999 -83.375930
2020.711956 -83.197226 -83.421630
2020.731350 -83.413048 -83.469004
2020.751484 -83.655240 -83.519022
2020.770763 -83.906953 -83.567674
2020.789928 -84.177856 -83.616761
2020.809093 -84.468938 -83.666687
2020.828258 -84.766894 -83.717180
2020.845769 -85.039993 -83.763760
2020.865048 -85.336158 -83.815523
2020.884099 -85.607944 -83.867264
2020.903264 -85.855479 -83.919684
2020.923512 -86.082827 -83.975417
2020.943020 -86.262468 -84.029404
2020.962185 -86.393190 -84.082685
2020.978383 -86.450211 -84.127884
2021.037190 -86.357484 -84.292326
2021.056127 -86.206383 -84.345207
2021.075292 -86.017437 -84.398590
2021.093145 -85.818064 -84.448164
2021.112196 -85.589188 -84.500861
2021.131817 -85.358249 -84.554752
2021.150868 -85.161927 -84.606689
2021.176250 -84.959106 -84.675261
2021.195643 -84.864691 -84.727050
2021.214694 -84.819178 -84.777411
2021.233973 -84.819296 -84.827787
2021.251370 -84.851601 -84.872480
2021.270763 -84.888886 -84.921690
2021.289814 -84.913332 -84.969319
2021.309093 -84.908734 -85.016758
2021.328144 -84.835486 -85.062545
2021.348392 -84.688692 -85.110247
2021.367557 -84.487187 -85.154440
2021.386722 -84.234062 -85.197695
2021.406230 -83.933944 -85.240647
2021.423512 -83.658927 -85.277474
2021.442905 -83.372010 -85.317857
2021.464580 -83.105177 -85.361608
2021.481007 -82.947546 -85.393933
2021.504108 -82.863477 -85.437451
2021.520535 -82.902410 -85.467111
2021.539814 -83.020441 -85.500911
2021.558865 -83.218468 -85.533092
2021.578144 -83.498907 -85.564243
2021.614820 -84.175636 -85.619241
2021.634327 -84.564740 -85.646575
2021.656116 -85.000097 -85.675337
2021.673512 -85.331364 -85.696787
2021.689939 -85.621669 -85.715906
2021.709104 -85.933976 -85.737052
2021.728383 -86.212869 -85.756948
2021.747434 -86.435660 -85.774785
2021.767797 -86.626719 -85.792317
2021.786962 -86.762151 -85.807372
2021.806127 -86.856954 -85.821078
2021.825292 -86.910231 -85.833339
2021.843031 -86.920157 -85.843059
2021.862082 -86.909907 -85.852321
2021.881247 -86.881981 -85.860337
2021.900526 -86.843123 -85.867085
2021.920889 -86.803230 -85.872349
2021.940053 -86.776285 -85.875927
2021.959218 -86.761705 -85.878284
2021.997663 -86.771619 -85.879311
2022.015173 -86.788417 -85.877842
2022.037190 -86.806959 -85.874778
2022.056127 -86.815084 -85.870965
2022.072554 -86.814696 -85.866926
2022.090179 -86.796673 -85.861337
2022.109458 -86.766304 -85.854380
2022.128623 -86.727419 -85.846549
2022.147788 -86.684055 -85.837841
2022.173626 -86.633353 -85.824504
2022.384213 -85.376897 -85.673272
2022.403149 -85.019719 -85.657577
2022.420774 -84.678182 -85.642901
2022.440053 -84.318702 -85.626819
2022.459333 -84.009182 -85.610802
2022.481007 -83.734164 -85.592941
2022.497548 -83.583814 -85.579454
2022.517797 -83.481446 -85.563171
2022.537076 -83.486479 -85.548051
2022.558751 -83.576908 -85.531505
2022.575520 -83.697957 -85.519092
2022.593031 -83.857734 -85.506455
2022.612082 -84.069819 -85.493315
2022.631247 -84.300599 -85.480757
2022.650526 -84.538294 -85.468751
2022.668379 -84.758424 -85.458201
2022.687316 -84.985955 -85.447777
2022.706481 -85.203744 -85.438172
2022.725531 -85.407981 -85.429423
2022.744811 -85.600644 -85.421409
2022.765059 -85.785140 -85.413979
2022.784224 -85.936417 -85.408112
2022.822554 -86.170448 -85.399511
2022.840179 -86.250177 -85.396840
2022.859572 -86.313579 -85.395118
2022.878623 -86.355715 -85.394714
2022.897788 -86.386398 -85.395374
2022.918151 -86.409669 -85.397296
2022.937316 -86.426502 -85.400234
2023.012435 -86.457715 -85.424098
2023.031600 -86.441250 -85.433191
2023.069930 -86.343269 -85.455118
2023.087784 -86.270708 -85.466790
2023.106834 -86.173604 -85.480416
2023.125999 -86.063533 -85.495480
2023.145050 -85.954778 -85.511480
2023.171003 -85.821227 -85.534977
2023.190282 -85.743189 -85.553676
2023.247777 -85.634062 -85.615641
2023.265059 -85.615576 -85.635938
2023.284452 -85.585891 -85.659498
2023.303617 -85.530261 -85.683686
2023.322668 -85.429003 -85.708637
2023.343031 -85.274577 -85.736050
2023.362310 -85.084965 -85.762691
2023.381589 -84.858851 -85.789949
2023.400640 -84.608157 -85.817589
2023.418379 -84.377534 -85.843828
2023.437316 -84.149993 -85.872247
2023.456481 -83.953726 -85.901428
2023.475646 -83.820634 -85.931055
2023.494925 -83.768035 -85.961230
2023.515287 -83.789873 -85.993387
2023.534567 -83.882098 -86.024066
2023.553503 -84.033395 -86.054373
2023.572668 -84.251201 -86.085207
2023.590293 -84.482729 -86.113624
2023.609572 -84.756914 -86.144737
2023.628737 -85.044608 -86.175664
2023.647902 -85.340281 -86.206521
2023.684692 -85.913497 -86.265411
2023.706481 -86.256732 -86.299997
2023.742073 -86.829143 -86.355806
2023.781600 -87.475865 -86.416564
2023.820159 -88.086189 -86.474373
2023.837555 -88.336307 -86.499848
2023.856834 -88.591257 -86.527709
2023.875999 -88.816086 -86.554984
2023.895164 -89.001452 -86.581745
2023.914443 -89.140182 -86.608102
2023.934578 -89.239321 -86.635121
2023.953857 -89.287113 -86.660491
2023.972908 -89.287786 -86.685088
2023.992187 -89.222602 -86.709341
2024.028977 -88.940345 -86.754172
2024.048027 -88.720899 -86.776701
2024.067307 -88.441996 -86.798920
2024.084817 -88.152163 -86.818598
2024.104096 -87.814808 -86.839849
2024.123261 -87.470310 -86.860524
2024.142426 -87.134026 -86.880712
2024.161591 -86.835717 -86.900369
2024.184578 -86.536555 -86.923427
2024.204085 -86.346095 -86.942533
2024.222908 -86.214144 -86.960621
2024.242073 -86.132346 -86.978684
2024.259812 -86.100477 -86.995015
2024.279091 -86.078705 -87.012511
2024.298027 -86.059714 -87.029438
2024.317192 -86.029355 -87.046325
2024.337555 -85.955635 -87.063968
2024.356834 -85.845330 -87.080468
2024.375885 -85.704612 -87.096625
2024.395050 -85.538375 -87.112753
2024.414329 -85.356883 -87.128867
2024.431840 -85.205593 -87.143417
2024.451119 -85.069571 -87.159406
2024.470284 -84.979117 -87.175284
2024.489449 -84.945011 -87.191166
2024.509812 -85.006657 -87.208098
2024.547799 -85.316066 -87.239931
2024.566964 -85.547188 -87.256148
2024.584589 -85.795554 -87.271201
2024.603754 -86.082479 -87.287756
2024.625771 -86.413941 -87.307005
2024.642198 -86.655060 -87.321535
2024.661477 -86.924236 -87.338798
2024.678988 -87.144323 -87.354775
2024.698267 -87.368517 -87.372594
2024.717318 -87.570663 -87.390465
2024.739106 -87.778046 -87.411271
2024.756731 -87.928262 -87.428421
2024.775896 -88.075955 -87.447411
2024.795290 -88.212176 -87.466944
2024.814340 -88.333890 -87.486447
2024.833391 -88.443670 -87.506294
2024.851016 -88.534484 -87.525047
2024.870295 -88.635677 -87.546070
2024.889460 -88.738232 -87.567323
