# x_interp smoothed_curve trend
2012.646761 -73.650105 -75.058097
2012.683550 -73.204289 -75.213637
2013.452715 -80.435250 -79.744620
2013.491045 -80.097860 -79.966790
2013.530573 -79.998962 -80.189660
2013.569017 -79.996528 -80.397184
2013.605579 -79.565924 -80.585639
2013.657712 -78.660481 -80.841318
2013.680813 -78.217468 -80.950300
2013.719142 -78.410900 -81.119379
2013.758670 -79.379320 -81.284783
2013.796886 -81.100753 -81.435846
2013.872120 -83.622802 -81.695650
2013.910564 -83.837483 -81.815638
2013.991159 -82.727573 -82.027246
2014.025097 -82.523192 -82.105031
2014.063541 -82.663166 -82.182634
2014.183550 -81.554765 -82.367656
2014.297000 -81.271426 -82.472835
2014.374858 -81.665926 -82.514877
2014.491159 -82.352790 -82.548452
2014.527835 -83.146219 -82.554259
2014.566165 -84.049095 -82.559079
2014.641399 -83.601179 -82.567003
2014.716405 -82.296009 -82.577370
2014.756046 -82.650382 -82.585657
2014.794262 -83.484570 -82.595633
2014.832706 -84.599236 -82.608525
2014.869496 -84.881777 -82.624770
2014.907826 -84.649234 -82.644573
2014.985684 -83.046758 -82.697873
2015.135809 -81.974237 -82.853716
2015.180927 -81.266718 -82.914345
2015.219257 -80.715897 -82.970466
2015.255932 -80.784949 -83.029679
2015.294148 -81.037121 -83.094435
2015.369382 -81.438092 -83.232987
2015.410450 -81.358616 -83.313880
2015.447240 -81.355610 -83.388486
2015.485570 -81.995749 -83.468835
2015.563427 -84.489660 -83.635798
2015.638547 -85.606807 -83.798207
2015.713667 -85.260920 -83.957381
2015.753194 -85.641949 -84.037319
2015.791524 -86.139268 -84.112099
2015.829968 -86.589735 -84.184251
2015.905088 -85.217595 -84.310282
2015.944502 -83.977346 -84.369278
2015.982946 -83.090121 -84.420545
2016.019622 -83.286787 -84.461968
2016.057951 -83.948740 -84.499886
2016.094856 -84.975972 -84.530064
2016.133185 -85.611123 -84.551507
2016.175451 -85.907044 -84.567309
2016.213781 -85.860081 -84.574389
2016.250342 -85.705310 -84.571421
2016.288787 -85.381736 -84.560332
2016.327116 -84.799484 -84.542482
2016.385809 -82.887197 -84.497542
2016.405088 -82.094700 -84.478326
2016.441764 -80.881015 -84.437790
2016.480094 -80.099897 -84.388829
2016.519622 -80.624962 -84.328723
2016.558066 -81.517961 -84.264880
2016.594627 -82.583566 -84.199797
2016.633185 -83.362187 -84.124110
2016.669975 -84.048107 -84.048189
2016.708191 -84.832058 -83.966289
2016.750457 -86.257420 -83.871579
2016.785935 -87.539308 -83.789890
2016.824493 -88.472839 -83.700271
2016.861168 -88.501873 -83.614373
2016.899498 -86.913318 -83.525257
2016.939026 -84.807203 -83.434682
2016.977356 -82.559470 -83.348441
2017.014260 -81.435362 -83.269391
2017.052590 -81.011963 -83.190786
2017.127710 -81.671672 -83.050106
2017.172713 -82.257296 -82.977353
2017.210929 -82.844245 -82.922295
2017.249259 -83.559024 -82.872918
2017.286049 -84.239560 -82.836117
2017.324379 -84.519329 -82.804032
2017.363906 -84.283151 -82.778272
2017.402236 -83.197579 -82.764019
2017.439026 -82.172644 -82.758433
2017.477356 -81.311357 -82.759275
2017.536163 -81.166820 -82.778880
2017.574379 -81.396470 -82.800765
2017.600103 -81.281296 -82.821730
2017.630333 -81.089488 -82.847672
2017.667123 -80.680376 -82.888074
2017.746407 -81.314474 -82.990629
2017.824379 -84.358436 -83.114070
2017.858659 -85.293130 -83.172282
2017.896875 -85.174818 -83.240331
2017.936288 -84.384227 -83.312117
2017.974618 -83.551751 -83.382572
2018.011522 -83.062172 -83.450599
2018.052476 -83.293244 -83.524734
2018.086642 -83.604878 -83.585178
2018.124972 -83.992082 -83.651255
2018.169861 -84.050120 -83.723361
2018.213781 -84.169825 -83.788662
2018.246407 -84.358879 -83.833929
2018.286049 -84.794104 -83.884000
2018.321527 -84.926596 -83.922449
2018.361168 -84.736149 -83.960893
2018.399498 -84.118695 -83.992990
2018.439026 -83.478510 -84.017311
2018.474618 -83.362620 -84.034672
2018.514146 -83.712660 -84.049050
2018.552590 -84.547154 -84.055711
2018.589152 -84.947489 -84.057220
2018.665925 -84.379021 -84.047442
2018.702601 -83.994369 -84.036265
2018.741045 -83.956098 -84.022051
2018.780459 -84.597308 -84.004623
2018.818903 -85.298739 -83.985286
2018.894137 -84.972468 -83.945652
2018.933665 -83.492702 -83.925269
2019.008670 -81.461125 -83.890780
2019.083790 -81.904976 -83.867561
2019.122234 -82.450063 -83.860731
2019.169975 -83.052801 -83.858764
2019.205453 -83.616141 -83.863807
2019.243783 -84.420292 -83.873889
2019.318789 -85.921255 -83.910057
2019.361168 -85.749281 -83.941525
2019.396532 -85.108079 -83.972563
2019.433436 -83.952691 -84.010982
2019.471766 -83.123602 -84.057530
2019.511294 -82.681503 -84.110354
2019.552590 -82.744889 -84.170947
2019.586414 -82.805553 -84.226335
2019.624972 -82.697895 -84.292353
2019.663073 -82.453186 -84.360728
2019.700092 -82.688900 -84.431177
2019.738193 -83.698477 -84.505549
2019.777949 -85.365786 -84.584789
2019.816165 -87.297591 -84.662319
2019.850217 -88.173511 -84.731600
2019.891285 -88.368730 -84.814912
2019.930813 -87.310700 -84.894310
2019.969142 -85.900938 -84.969216
2020.005932 -84.841750 -85.039424
2020.044376 -84.158452 -85.110887
2020.082592 -84.110616 -85.177677
2020.119382 -84.090327 -85.239304
2020.160450 -84.120557 -85.304783
2020.199977 -84.295078 -85.363171
2020.238307 -84.895750 -85.415448
2020.275097 -85.620820 -85.462761
2020.313313 -86.443143 -85.508235
2020.352955 -86.549397 -85.550765
2020.391171 -86.166988 -85.589026
2020.428075 -85.396003 -85.623699
2020.466290 -84.829117 -85.656022
2021.197125 -85.709974 -86.535841
2021.235455 -85.677227 -86.624241
2021.310575 -85.981742 -86.808180
2021.350103 -85.833021 -86.911127
2021.388433 -85.284078 -87.014136
2021.425223 -84.746867 -87.114800
2021.463553 -84.441256 -87.221684
2021.503080 -85.073029 -87.333286
2021.541524 -86.020587 -87.442070
2021.579740 -87.157814 -87.550201
2021.616530 -87.659491 -87.653036
2021.654860 -87.890962 -87.758576
2021.691650 -87.955594 -87.858296
2021.729980 -88.516452 -87.958427
2021.769507 -89.613626 -88.057857
2021.807837 -90.790635 -88.150734
2021.844627 -91.599533 -88.235261
2021.882957 -91.346510 -88.317266
2021.922599 -90.551516 -88.397140
2022.074264 -89.645778 -88.642017
2022.111054 -90.086145 -88.684900
2022.149384 -90.126233 -88.723975
2022.307837 -88.466577 -88.821209
2022.347365 -87.840303 -88.831281
2022.385695 -86.786242 -88.834357
2022.422485 -85.930641 -88.833729
2022.460815 -85.312837 -88.829865
2022.500342 -85.640114 -88.821364
2022.538672 -86.481376 -88.810000
2022.577231 -87.340890 -88.796526
2023.229980 -89.126173 -88.617598
2023.266770 -89.886388 -88.627767
2023.305099 -90.544158 -88.641847
2023.344627 -90.803865 -88.659257
2023.382957 -90.320190 -88.679325
2023.419747 -89.125225 -88.702629
2023.458077 -87.922947 -88.729345
2023.496407 -86.885274 -88.758648
2023.535935 -86.554676 -88.793350
2023.574264 -86.318713 -88.829556
2023.611054 -86.130102 -88.866689
2023.667009 -85.719401 -88.930369
