# x_interp smoothed_curve trend
2013.212185 -68.071217 -68.995144
2013.214009 -68.078865 -68.999324
2013.214694 -68.081737 -69.000893
2013.215151 -68.083653 -69.001940
2013.259469 -68.273651 -69.107164
2013.259698 -68.274667 -69.107738
2013.297343 -68.494456 -69.207299
2013.316850 -68.667385 -69.263183
2013.337213 -68.878179 -69.323511
2013.356606 -69.122694 -69.383918
2013.408739 -69.837216 -69.557555
2013.572668 -70.829220 -70.189519
2013.595769 -70.860431 -70.286254
2013.603982 -70.871622 -70.320677
2013.617101 -70.900299 -70.376366
2013.625885 -70.919501 -70.413653
2013.633985 -70.937207 -70.448036
2013.644936 -70.969827 -70.494869
2013.678874 -71.074581 -70.640172
2013.697810 -71.133183 -70.721315
2013.719371 -71.187938 -70.813500
2013.735912 -71.210573 -70.883831
2013.759583 -71.217531 -70.983946
2013.778178 -71.184421 -71.061759
2013.795175 -71.120821 -71.132065
2013.805899 -71.067310 -71.176095
2013.830425 -70.895519 -71.275231
2013.853412 -70.688523 -71.366274
2013.873033 -70.483380 -71.442462
2013.881361 -70.394263 -71.473921
2013.905659 -70.132964 -71.564753
2013.923284 -69.986882 -71.627816
2013.942335 -69.867892 -71.694742
2013.958762 -69.824886 -71.750549
2014.003765 -70.100028 -71.894156
2014.147331 -73.691571 -72.248981
2014.153149 -73.791613 -72.259041
2014.211500 -74.411973 -72.348973
2014.442677 -73.548987 -72.396512
2014.470170 -73.599385 -72.370910
2014.483288 -73.609090 -72.356852
2014.537076 -73.495097 -72.285416
2014.561146 -73.349975 -72.246290
2014.633756 -72.698493 -72.108054
2014.659082 -72.425840 -72.053287
2014.695415 -72.028113 -71.968802
2014.736483 -71.591202 -71.867220
2014.833163 -70.512887 -71.609276
2014.845312 -70.348796 -71.575590
2014.867672 -70.022943 -71.513129
2014.920660 -69.149106 -71.363791
2014.940168 -68.837832 -71.308783
2014.964238 -68.491903 -71.241086
2014.975531 -68.370780 -71.209528
2014.994696 -68.194506 -71.156125
2015.014374 -68.113545 -71.101817
2015.036619 -68.144770 -71.041189
2015.055556 -68.244499 -70.990112
2015.114820 -69.016892 -70.835468
2015.136037 -69.364809 -70.782265
2015.192677 -70.162761 -70.646716
2015.222565 -70.458794 -70.579267
2015.239335 -70.594184 -70.542735
2015.256617 -70.715826 -70.506037
2015.353297 -71.492835 -70.321484
2015.370638 -71.670401 -70.292520
2015.392541 -71.886486 -70.257173
2015.408853 -72.040776 -70.231849
2015.431155 -72.204830 -70.199464
2015.445643 -72.294009 -70.179073
2015.481350 -72.379678 -70.133104
2015.506503 -72.354693 -70.103389
2015.523501 -72.292129 -70.084975
2015.542552 -72.203060 -70.065461
2015.561260 -72.098099 -70.047338
2015.583163 -71.963630 -70.028410
2015.597936 -71.874767 -70.016313
2015.617215 -71.765193 -70.001951
2015.635923 -71.672392 -69.989406
2015.656116 -71.582031 -69.976864
2015.672827 -71.522602 -69.968019
2015.761636 -71.206351 -69.935923
2015.789471 -71.021238 -69.931291
2015.845540 -70.335552 -69.929481
2015.883528 -69.587400 -69.933875
2015.926250 -68.558013 -69.943870
2015.945301 -68.087396 -69.950428
2015.964466 -67.650368 -69.957904
2016.130904 -67.466266 -70.067460
2016.149841 -67.761748 -70.085041
2016.173741 -68.129799 -70.108372
2016.192791 -68.407361 -70.127993
2016.287190 -69.570885 -70.239801
2016.325634 -70.162871 -70.291910
2016.345883 -70.521368 -70.320440
2016.367672 -70.960323 -70.352577
2016.399955 -71.632816 -70.401742
2016.443020 -72.471490 -70.470590
2016.478041 -72.993781 -70.529108
2016.497206 -73.217419 -70.561789
2016.593259 -73.341516 -70.733588
2016.650412 -72.912492 -70.839507
2016.670889 -72.708204 -70.877780
2016.687430 -72.536183 -70.908707
2016.706366 -72.333302 -70.944120
2016.803503 -71.260698 -71.122982
2016.825406 -70.996420 -71.162154
2016.897331 -69.948432 -71.285426
2016.914329 -69.670649 -71.313237
2016.931840 -69.392814 -71.341025
2016.953629 -69.064296 -71.374875
2016.977698 -68.758887 -71.410831
2016.994811 -68.624469 -71.435120
2017.014945 -68.514030 -71.463052
2017.034224 -68.504080 -71.488552
2017.053503 -68.590373 -71.512728
2017.072668 -68.729155 -71.535960
2017.125771 -69.439099 -71.593113
2017.144936 -69.732504 -71.611089
2017.173626 -70.157555 -71.635811
2017.189939 -70.388189 -71.648906
2017.228383 -70.859852 -71.674547
2017.247206 -71.077888 -71.685384
2017.265059 -71.294894 -71.694010
2017.286619 -71.572052 -71.703301
2017.306241 -71.853638 -71.710158
2017.322554 -72.116815 -71.714565
2017.342917 -72.462658 -71.719225
2017.362310 -72.820421 -71.721791
2017.381361 -73.168981 -71.723258
2017.403264 -73.561591 -71.723712
2017.418151 -73.793405 -71.722708
2017.437316 -74.064624 -71.720876
2017.459104 -74.304309 -71.717430
2017.475646 -74.406260 -71.713628
2017.494811 -74.490660 -71.708752
2017.515173 -74.483911 -71.702290
2017.556127 -74.290224 -71.686760
2017.572668 -74.147568 -71.679461
2017.590407 -73.977393 -71.671242
2017.609458 -73.773920 -71.661943
2017.628623 -73.555786 -71.651993
2017.647902 -73.334856 -71.641745
2017.673855 -73.040988 -71.627468
2017.684578 -72.927441 -71.621429
2017.703743 -72.725743 -71.610633
2017.722908 -72.543551 -71.599802
2017.742073 -72.370621 -71.589060
2017.762435 -72.197243 -71.577746
2017.781600 -72.042824 -71.567497
2017.800651 -71.886498 -71.557569
2017.820044 -71.722764 -71.547842
2017.840179 -71.530312 -71.538493
2017.856834 -71.361078 -71.531067
2017.875771 -71.140716 -71.523441
2017.897788 -70.860422 -71.515509
2017.914215 -70.641352 -71.510013
2017.992187 -69.673319 -71.495280
2018.026239 -69.440934 -71.494536
2018.048142 -69.384353 -71.496294
2018.067307 -69.373999 -71.498899
2018.085046 -69.410553 -71.502965
2018.104096 -69.460597 -71.508450
2018.125885 -69.528600 -71.516115
2018.145164 -69.574475 -71.525035
2018.168265 -69.605888 -71.537358
2018.187430 -69.615155 -71.548847
2018.228383 -69.601700 -71.579286
2018.434578 -72.651580 -71.826457
2018.453857 -73.055062 -71.856449
2019.064569 -71.366843 -72.844350
2019.083734 -71.422378 -72.861659
2019.101244 -71.498174 -72.875985
2019.139574 -71.678737 -72.903473
2019.158739 -71.744967 -72.914952
2019.184578 -71.793667 -72.928194
2019.203857 -71.792365 -72.936196
2019.209218 -71.792002 -72.938422
2019.242187 -71.752851 -72.947836
2019.259812 -71.749149 -72.950934
2019.278863 -71.776800 -72.953233
2019.298027 -71.839114 -72.954404
2019.356720 -72.449699 -72.948938
2019.470284 -74.334633 -72.907829
2019.489335 -74.553704 -72.897745
2019.528863 -74.827414 -72.874413
2019.548027 -74.882902 -72.862200
2019.567192 -74.889060 -72.849435
2019.623147 -74.691634 -72.809779
2019.642312 -74.577246 -72.795702
2019.679102 -74.318644 -72.768387
2019.698381 -74.170306 -72.754081
2019.717432 -74.016696 -72.740026
2019.798027 -73.253222 -72.683682
2019.814455 -73.062887 -72.672987
2019.833620 -72.800159 -72.661267
2019.851244 -72.532564 -72.650977
2019.870409 -72.214003 -72.640303
2019.929102 -71.064090 -72.613031
2019.948267 -70.694999 -72.606105
2019.986597 -70.062939 -72.594794
2020.004222 -69.872282 -72.591149
2020.023387 -69.711932 -72.587828
2020.042552 -69.696641 -72.586277
2020.061717 -69.742652 -72.585549
2020.080882 -69.866625 -72.585866
2020.125885 -70.424615 -72.592148
2020.136837 -70.586776 -72.594557
2020.156001 -70.877256 -72.600056
2020.198267 -71.505962 -72.616329
2020.217432 -71.771703 -72.625970
2020.236597 -72.031849 -72.636470
2020.254222 -72.269627 -72.647721
2020.273387 -72.537151 -72.660894
2020.292552 -72.814499 -72.675094
2020.311717 -73.117740 -72.691036
2020.351244 -73.774106 -72.726893
2020.370409 -74.088268 -72.746363
2020.386837 -74.350124 -72.763510
2020.408739 -74.646898 -72.788094
2020.426364 -74.833240 -72.808853
2020.464694 -75.068035 -72.856719
2020.483859 -75.087930 -72.882048
2020.504222 -75.050145 -72.909795
2020.523387 -74.943242 -72.937154
2020.580882 -74.515096 -73.023182
2020.598507 -74.378467 -73.050656
2020.617672 -74.251427 -73.081340
2020.636837 -74.147063 -73.112499
2020.656001 -74.059705 -73.144012
2020.673626 -74.015935 -73.173641
2020.692791 -73.978074 -73.206060
2020.751484 -73.925853 -73.307400
2020.770649 -73.893481 -73.340964
2020.789814 -73.827779 -73.374666
2020.808979 -73.738704 -73.408438
2020.961956 -71.599630 -73.676010
2021.000286 -71.236941 -73.740885
2021.017911 -71.156798 -73.770384
2021.056241 -71.365776 -73.833045
2021.093031 -71.866762 -73.891595
2021.114934 -72.245464 -73.925674
2021.150526 -72.888891 -73.979504
2021.176364 -73.305384 -74.017475
2021.195529 -73.569318 -74.045033
2021.214694 -73.772931 -74.071828
2021.233859 -73.952352 -74.098231
2021.270649 -74.222934 -74.147035
2021.289814 -74.357898 -74.171775
2021.308979 -74.514985 -74.195610
2021.328144 -74.690099 -74.218996
2021.348507 -74.897302 -74.243317
2021.370409 -75.151352 -74.268429
2021.386837 -75.342357 -74.286877
2021.423626 -75.742690 -74.326558
2021.442791 -75.918395 -74.346526
2021.461956 -76.040855 -74.365760
2021.481121 -76.118535 -74.384487
2021.501484 -76.162880 -74.403951
2021.520649 -76.141829 -74.421522
2021.539814 -76.096264 -74.438697
2021.558979 -76.027375 -74.455494
2021.578144 -75.937496 -74.471610
2021.595769 -75.853744 -74.486194
2021.614820 -75.763549 -74.501492
2021.631361 -75.694258 -74.514416
2021.653264 -75.611685 -74.531206
2021.670889 -75.562765 -74.544253
2021.690053 -75.518614 -74.558186
2021.709218 -75.483903 -74.571853
2021.728383 -75.455148 -74.585098
2021.747548 -75.422367 -74.598166
2021.767911 -75.378290 -74.611769
2021.787076 -75.304836 -74.624284
2021.806241 -75.208481 -74.636667
2021.825406 -75.065440 -74.648839
2021.843031 -74.885441 -74.659896
2021.862196 -74.659975 -74.671836
2021.881361 -74.359142 -74.683614
2021.900526 -74.033645 -74.695341
2021.920889 -73.657504 -74.707737
2021.940053 -73.297987 -74.719352
2021.959218 -72.958713 -74.730965
2021.978383 -72.652756 -74.742577
2021.997548 -72.435026 -74.754233
2022.015173 -72.276192 -74.764977
2022.034338 -72.221811 -74.776744
2022.090293 -72.523343 -74.811662
2022.109458 -72.742635 -74.823861
2022.128623 -72.998571 -74.836212
2022.173626 -73.585622 -74.865977
2022.192791 -73.809716 -74.878915
2022.211956 -73.991655 -74.892194
2022.231121 -74.163161 -74.905633
2022.267911 -74.472594 -74.932154
2022.287076 -74.646716 -74.946290
2022.306241 -74.852235 -74.960766
2022.325406 -75.088635 -74.975513
2022.345769 -75.364016 -74.991409
2022.364934 -75.655940 -75.006777
2022.384099 -75.949499 -75.022394
2022.403264 -76.244474 -75.038229
2022.420889 -76.477553 -75.049647
