# x_interp smoothed_curve trend
2005.661060 -82.242167 -83.195665
2005.683400 -82.755661 -83.208889
2005.724080 -83.731784 -83.230345
2005.740990 -84.136047 -83.238137
2005.779370 -84.958968 -83.253411
2005.798560 -85.274420 -83.259679
2005.817830 -85.496367 -83.265011
2005.839470 -85.605302 -83.269751
2005.855910 -85.589932 -83.272493
2005.875050 -85.467443 -83.274649
2005.891380 -85.298156 -83.275666
2005.907940 -85.087458 -83.276007
2005.954930 -84.420123 -83.272601
2005.971560 -84.215623 -83.269999
2005.993700 -84.006727 -83.265273
2006.009950 -83.898511 -83.261032
2006.028440 -83.827492 -83.255283
2006.048000 -83.793580 -83.248348
2006.064500 -83.791303 -83.241833
2006.083220 -83.810819 -83.233768
2006.105170 -83.859546 -83.223397
2006.124740 -83.924876 -83.213453
2006.146710 -84.031082 -83.201558
2006.163100 -84.136136 -83.192278
2006.182320 -84.294992 -83.180995
2006.198390 -84.451183 -83.171333
2006.220660 -84.687043 -83.157718
2006.241990 -84.907210 -83.144550
2006.258500 -85.049186 -83.134366
2006.278040 -85.154303 -83.122422
2006.297100 -85.162408 -83.110987
2006.316030 -85.030396 -83.100028
2006.334980 -84.760769 -83.089546
2006.351970 -84.408953 -83.080659
2006.370760 -83.920160 -83.071462
2006.415150 -82.510339 -83.053217
2006.428630 -82.069701 -83.048644
2006.450690 -81.420667 -83.042791
2006.489000 -80.632613 -83.037274
2006.508320 -80.422365 -83.036917
2006.546480 -80.337424 -83.041521
2006.584860 -80.569058 -83.053969
2006.604040 -80.754640 -83.063377
2006.623580 -80.975498 -83.075585
2006.642370 -81.212229 -83.089759
2006.661620 -81.480637 -83.106687
2006.680860 -81.779098 -83.126144
2006.699970 -82.107146 -83.148040
2006.718720 -82.457083 -83.172045
2006.738380 -82.845917 -83.200005
2006.757390 -83.228369 -83.229720
2006.795800 -83.917191 -83.298889
2006.815110 -84.178248 -83.337900
2006.834420 -84.365556 -83.379729
2006.853510 -84.477101 -83.423829
2006.872980 -84.523925 -83.471604
2006.891860 -84.522176 -83.520562
2006.911040 -84.495545 -83.572940
2006.930370 -84.474677 -83.628670
2006.949440 -84.487763 -83.686260
2006.968870 -84.547948 -83.747380
2006.988040 -84.656957 -83.810038
2007.029070 -85.012348 -83.951539
2007.045530 -85.170370 -84.010834
2007.064450 -85.337352 -84.080736
2007.084090 -85.466211 -84.155280
2007.103500 -85.535731 -84.230604
2007.122180 -85.547254 -84.304432
2007.141150 -85.509230 -84.380560
2007.160330 -85.428202 -84.458554
2007.179810 -85.312867 -84.538646
2007.198750 -85.178541 -84.617176
2007.217980 -85.025157 -84.697389
2007.236960 -84.853329 -84.776854
2007.256200 -84.649535 -84.857431
2007.294540 -84.108278 -85.017243
2007.313710 -83.753390 -85.096368
2007.373530 -82.359042 -85.337141
2007.409610 -81.580845 -85.475636
2007.431320 -81.282161 -85.555852
2007.446460 -81.193339 -85.610094
2007.469710 -81.251209 -85.690753
2007.524780 -82.350686 -85.866914
2007.543860 -82.988548 -85.922113
2007.562960 -83.686340 -85.974146
2007.582140 -84.405493 -86.023146
2007.601300 -85.112393 -86.068709
2007.620650 -85.793031 -86.111171
2007.658810 -86.999313 -86.184068
2007.677980 -87.537337 -86.215072
2007.697200 -88.035069 -86.241759
2007.735400 -88.929330 -86.282812
2007.757470 -89.380787 -86.299404
2007.773860 -89.671568 -86.308196
2007.795950 -89.988460 -86.315371
2007.812250 -90.162169 -86.317518
2007.851120 -90.307671 -86.310362
2007.867240 -90.257643 -86.302205
2007.913330 -89.916342 -86.265293
2007.946600 -89.593625 -86.225519
2007.964670 -89.427508 -86.199857
2007.990040 -89.221982 -86.158461
2008.006470 -89.098898 -86.129278
2008.042390 -88.811393 -86.057115
2008.061530 -88.620495 -86.015146
2008.080760 -88.389451 -85.970692
2008.118920 -87.811601 -85.876480
2008.157360 -87.134341 -85.774701
2008.198370 -86.461306 -85.660739
2008.233660 -85.963364 -85.560090
2008.252680 -85.699531 -85.505407
2008.290980 -85.063772 -85.395447
2008.310010 -84.625743 -85.341458
2008.331570 -84.015893 -85.281137
2008.351200 -83.347758 -85.227335
2008.366010 -82.788314 -85.187598
2008.391530 -81.759022 -85.121048
2008.405530 -81.190561 -85.085692
2008.425150 -80.429510 -85.037816
2008.443860 -79.791119 -84.994133
2008.465820 -79.221008 -84.945693
2008.520460 -78.870175 -84.840015
2008.539680 -79.089010 -84.808081
2008.558720 -79.457829 -84.779372
2008.577770 -79.953567 -84.753674
2008.596930 -80.558223 -84.731226
2008.616110 -81.240787 -84.712384
2008.635260 -81.970455 -84.696947
2008.654270 -82.726487 -84.685020
2008.673480 -83.507650 -84.676446
2008.711790 -85.051731 -84.669935
2008.733710 -85.870627 -84.672862
2008.790900 -87.423602 -84.702736
2008.826830 -87.724857 -84.737770
2008.848720 -87.634363 -84.764865
2008.903220 -86.742126 -84.850281
2008.924990 -86.277440 -84.891425
2008.941600 -85.958331 -84.925518
2008.960740 -85.656165 -84.967043
2008.979650 -85.451793 -85.010496
2009.004440 -85.349834 -85.070970
2009.056930 -85.675390 -85.210234
2009.116530 -86.506792 -85.383633
2009.136230 -86.789094 -85.443422
2009.157600 -87.078874 -85.509271
2009.171460 -87.255382 -85.552369
2009.190800 -87.479381 -85.612965
2009.212840 -87.688722 -85.682376
2009.250880 -87.864093 -85.802115
2009.269820 -87.821646 -85.861291
2009.289350 -87.664806 -85.921770
2009.305630 -87.440954 -85.971652
2009.324800 -87.062171 -86.029599
2009.343810 -86.573097 -86.086074
2009.363160 -85.975265 -86.142200
2009.371650 -85.697039 -86.166284
2009.401490 -84.717870 -86.248993
2009.420730 -84.153948 -86.300170
2009.439860 -83.700225 -86.349270
2009.478210 -83.243976 -86.441872
2009.500120 -83.303807 -86.490832
2009.516300 -83.482166 -86.525129
2009.535650 -83.829406 -86.563721
2009.554920 -84.267855 -86.599698
2009.574300 -84.762857 -86.633345
2009.593350 -85.267915 -86.663883
2009.612270 -85.761112 -86.691692
2009.630200 -86.205322 -86.715767
2009.651030 -86.677218 -86.740580
2009.669970 -87.063963 -86.760189
2009.689180 -87.421033 -86.777252
2009.708690 -87.753297 -86.791808
2009.727710 -88.047808 -86.803289
2009.766200 -88.535306 -86.818462
2009.787580 -88.717931 -86.822165
2009.804080 -88.811109 -86.823049
2009.823090 -88.838041 -86.821198
2009.841100 -88.795009 -86.817065
2009.862230 -88.677914 -86.809591
2009.900310 -88.349209 -86.788709
2009.939010 -88.023810 -86.758372
2009.975340 -87.870055 -86.721818
2009.995940 -87.858778 -86.697834
2010.015130 -87.877799 -86.673515
2010.034880 -87.901936 -86.646652
2010.053480 -87.905984 -86.619727
2010.073230 -87.868654 -86.589496
2010.092360 -87.776670 -86.558704
2010.130400 -87.406673 -86.493246
2010.149540 -87.142548 -86.458301
2010.188380 -86.547823 -86.384015
2010.207480 -86.255589 -86.345976
2010.226100 -85.980107 -86.308043
2010.264780 -85.424165 -86.226818
2010.283730 -85.133430 -86.185911
2010.303140 -84.799772 -86.143381
2010.401340 -82.635925 -85.921121
2010.417760 -82.310644 -85.883140
2010.436870 -82.036767 -85.838702
2010.456090 -81.889894 -85.793840
2010.475220 -81.881730 -85.749068
2010.513650 -82.267037 -85.658906
2010.533140 -82.632026 -85.613133
2010.552240 -83.062683 -85.568286
2010.571180 -83.530181 -85.523850
2010.593150 -84.081563 -85.472400
2010.609900 -84.483820 -85.433271
2010.634690 -85.040005 -85.375516
2010.648310 -85.315722 -85.343912
2010.686270 -86.012788 -85.256258
2010.724660 -86.611541 -85.168449
2010.744060 -86.862507 -85.124481
2010.782080 -87.190790 -85.039221
2010.801530 -87.248011 -84.996099
2010.881110 -86.619847 -84.823894
2010.897110 -86.389137 -84.790231
2010.916840 -86.121725 -84.749279
2010.935800 -85.914644 -84.710505
2010.957680 -85.764681 -84.666488
2010.976440 -85.732017 -84.629453
2011.012400 -85.898174 -84.560342
2011.034330 -86.118553 -84.519611
2011.050990 -86.313659 -84.489397
2011.069720 -86.530774 -84.456362
2011.127740 -86.970846 -84.360115
2011.146730 -87.004534 -84.330814
2011.185210 -86.905416 -84.275136
2011.226250 -86.565434 -84.222033
2011.242380 -86.354788 -84.203163
2011.262290 -86.031009 -84.181249
2011.280250 -85.662830 -84.162966
2011.300430 -85.151426 -84.144191
2011.319590 -84.567918 -84.128123
2011.341550 -83.783466 -84.112053
2011.362360 -82.960907 -84.099075
2011.376680 -82.370711 -84.091603
2011.415400 -80.869228 -84.076931
2011.434270 -80.267893 -84.072810
2011.453660 -79.791439 -84.070704
2011.473060 -79.485655 -84.070794
2011.491700 -79.360983 -84.072934
2011.510870 -79.430715 -84.077638
2011.530540 -79.662133 -84.084833
2011.568450 -80.434927 -84.105452
2011.587570 -80.923480 -84.119196
2011.606340 -81.433370 -84.134865
2011.625870 -81.976289 -84.153493
2011.663090 -83.003574 -84.195754
2011.683850 -83.562921 -84.223047
2011.702650 -84.055921 -84.250034
2011.721950 -84.540785 -84.279833
2011.741190 -84.989268 -84.311623
2011.760650 -85.389094 -84.345842
2011.779850 -85.710370 -84.381563
2011.801260 -85.951361 -84.423718
2011.818150 -86.046368 -84.458539
2011.856420 -85.920853 -84.542597
2011.875480 -85.728414 -84.586737
2011.894280 -85.491030 -84.631626
2011.917810 -85.180529 -84.689606
2011.933180 -84.999478 -84.728359
2011.952610 -84.830265 -84.778381
2011.971460 -84.763168 -84.827911
2011.990790 -84.803869 -84.879524
2012.009670 -84.941638 -84.930565
2012.028850 -85.164546 -84.982914
2012.050740 -85.494497 -85.043103
2012.067270 -85.773249 -85.088739
2012.105240 -86.424301 -85.193679
2012.124460 -86.715475 -85.246519
2012.143630 -86.965652 -85.298819
2012.162620 -87.170919 -85.350094
2012.181840 -87.333075 -85.401308
2012.199680 -87.439525 -85.448117
2012.223460 -87.500286 -85.509132
2012.238900 -87.489733 -85.547929
2012.260810 -87.369211 -85.601390
2012.277520 -87.188244 -85.640903
2012.296400 -86.874211 -85.684015
2012.318590 -86.371443 -85.732681
2012.353710 -85.313352 -85.804507
2012.373040 -84.655845 -85.841227
2012.392120 -84.007053 -85.875366
2012.430160 -82.945753 -85.936285
2012.449370 -82.630636 -85.963322
2012.468410 -82.499281 -85.987640
2012.487700 -82.557387 -86.009702
2012.505600 -82.773967 -86.027842
2012.545010 -83.715725 -86.059397
2012.564230 -84.325758 -86.070434
2012.583610 -84.973790 -86.078437
2012.602410 -85.591317 -86.083429
2012.621900 -86.194413 -86.085780
2012.640640 -86.722655 -86.085295
2012.660220 -87.212409 -86.081926
2012.678930 -87.620138 -86.076030
2012.698030 -87.976330 -86.067297
2012.717640 -88.276739 -86.055324
2012.736680 -88.501491 -86.040765
2012.755370 -88.656919 -86.023978
2012.774490 -88.741361 -86.004339
2012.793650 -88.740980 -85.982200
2012.813150 -88.646483 -85.957205
2012.832250 -88.461813 -85.930420
2012.851230 -88.194470 -85.901634
2012.870410 -87.850034 -85.870226
2012.889470 -87.468309 -85.836908
2012.908650 -87.080030 -85.801530
2012.927670 -86.720006 -85.764715
2012.946980 -86.404903 -85.725699
2012.966390 -86.157341 -85.684937
2012.984600 -85.993067 -85.645442
2013.004320 -85.890792 -85.601361
2013.023900 -85.853096 -85.556336
2013.042640 -85.848550 -85.512273
2013.061890 -85.849235 -85.466249
2013.081040 -85.836938 -85.419820
2013.100060 -85.799377 -85.373214
2013.119320 -85.730043 -85.325660
2013.138110 -85.633813 -85.279057
2013.157320 -85.513012 -85.231336
2013.177340 -85.374812 -85.181704
2013.195950 -85.245726 -85.135840
2013.215810 -85.108826 -85.087302
2013.253550 -84.820047 -84.996790
2013.273090 -84.625695 -84.951078
2013.291890 -84.387644 -84.907990
2013.310930 -84.079851 -84.865372
2013.328990 -83.706706 -84.826207
2013.349450 -83.212818 -84.783206
2013.387700 -82.177215 -84.707342
2013.406790 -81.679106 -84.671840
2013.426160 -81.240866 -84.637555
2013.445180 -80.913259 -84.605667
2013.464340 -80.717218 -84.575415
2013.483660 -80.694725 -84.547148
2013.503160 -80.833293 -84.520780
2013.520950 -81.083384 -84.498663
2013.541230 -81.478090 -84.475644
2013.560650 -81.936610 -84.455928
2013.579720 -82.429745 -84.438794
2013.598620 -82.932709 -84.424010
2013.617820 -83.435879 -84.411286
2013.656530 -84.368711 -84.393375
2013.670170 -84.670228 -84.389423
2013.675460 -84.784372 -84.388140
2013.699880 -85.286940 -84.384613
2013.713830 -85.553972 -84.384466
2013.733150 -85.899741 -84.386129
2013.771150 -86.456496 -84.396130
2013.790300 -86.635562 -84.404824
2013.809990 -86.732367 -84.416084
2013.828410 -86.737773 -84.428712
2013.848430 -86.658695 -84.444597
2013.867380 -86.514425 -84.461705
2013.886110 -86.327393 -84.480514
2013.905700 -86.112396 -84.502189
2013.944210 -85.763906 -84.550608
2013.963290 -85.686256 -84.577398
2013.982750 -85.681857 -84.606386
2014.020780 -85.862389 -84.667628
2014.039970 -86.012671 -84.700675
2014.059160 -86.171954 -84.735056
2014.078380 -86.317317 -84.770745
2014.097790 -86.426216 -84.808090
2014.116970 -86.488066 -84.846122
2014.136110 -86.509221 -84.885039
2014.155120 -86.498038 -84.924562
2014.174230 -86.464419 -84.965083
2014.193420 -86.417071 -85.006492
2014.212600 -86.361467 -85.048514
2014.232210 -86.294963 -85.092054
2014.253480 -86.198309 -85.139850
2014.269920 -86.086875 -85.177146
2014.292020 -85.874887 -85.227569
2014.318220 -85.503512 -85.287677
2014.327860 -85.313384 -85.309862
2014.346960 -84.905564 -85.353825
2014.365780 -84.441858 -85.397133
2014.384990 -83.927082 -85.441257
2014.404150 -83.409369 -85.485085
2014.423660 -82.924853 -85.529469
2014.442980 -82.522674 -85.573115
2014.462310 -82.223391 -85.616421
2014.481200 -82.044480 -85.658338
2014.500020 -81.979868 -85.699657
2014.519300 -82.025098 -85.741472
2014.538370 -82.163538 -85.782277
2014.557980 -82.385978 -85.823531
2014.576740 -82.644220 -85.862315
2014.615020 -83.247052 -85.939369
2014.634380 -83.585215 -85.977201
2014.653780 -83.953578 -86.014300
2014.672710 -84.350776 -86.049697
2014.691770 -84.798202 -86.084516
2014.710540 -85.298164 -86.117853
2014.730490 -85.879635 -86.152354
2014.748330 -86.428658 -86.182357
2014.767990 -87.040029 -86.214540
2014.790340 -87.705690 -86.249948
2014.807000 -88.154673 -86.275542
2014.826600 -88.604719 -86.304746
2014.845790 -88.945977 -86.332416
2014.864710 -89.165625 -86.358704
2014.883860 -89.280206 -86.384350
2014.903290 -89.309794 -86.409451
2014.922210 -89.275007 -86.433007
2014.941670 -89.196795 -86.456341
2014.960600 -89.098879 -86.478182
2014.979540 -88.993526 -86.499202
2014.998650 -88.887656 -86.519582
2015.018130 -88.779810 -86.539418
2015.037330 -88.665103 -86.558131
2015.056510 -88.533271 -86.576055
2015.086700 -88.280718 -86.602862
2015.094820 -88.197748 -86.609645
2015.114330 -87.991916 -86.625668
2015.133230 -87.780496 -86.640533
2015.152320 -87.567831 -86.654910
2015.171550 -87.373297 -86.668710
2015.190980 -87.209764 -86.682040
2015.210300 -87.081888 -86.694735
2015.229390 -86.983150 -86.706763
2015.248340 -86.898344 -86.718231
2015.267260 -86.808014 -86.729242
2015.286660 -86.686676 -86.740101
2015.305610 -86.519767 -86.750327
2015.325090 -86.272874 -86.760433
2015.343960 -85.962875 -86.769890
2015.363080 -85.596618 -86.779193
2015.404150 -84.757513 -86.798355
2015.419990 -84.471020 -86.805500
2015.440140 -84.186183 -86.814421
2015.458700 -84.024016 -86.822507
2015.478180 -83.999977 -86.830872
2015.497320 -84.107143 -86.839018
2015.516760 -84.326483 -86.847247
2015.535690 -84.621856 -86.855242
2015.554870 -84.971569 -86.863351
2015.574580 -85.350267 -86.871715
2015.593240 -85.698908 -86.879681
2015.612330 -86.023884 -86.887902
2015.631760 -86.302654 -86.896382
2015.650670 -86.526619 -86.904761
2015.670200 -86.719752 -86.913553
2015.691620 -86.898547 -86.923377
2015.708550 -87.023104 -86.931295
2015.727430 -87.149827 -86.940289
2015.746620 -87.265880 -86.949623
2015.765760 -87.364735 -86.959133
2015.785000 -87.433952 -86.968936
2015.804270 -87.464798 -86.978986
2015.823610 -87.454151 -86.989304
2015.842730 -87.405720 -86.999737
2015.862000 -87.329800 -87.010487
2015.879780 -87.250841 -87.020610
2015.900380 -87.174077 -87.032599
2015.919480 -87.142191 -87.043949
2015.957830 -87.309109 -87.067475
2015.976590 -87.513968 -87.079304
2015.996240 -87.802141 -87.091903
2016.015580 -88.138864 -87.104503
2016.034680 -88.494302 -87.117129
2016.053640 -88.838857 -87.129830
2016.072970 -89.149476 -87.142934
2016.091780 -89.376456 -87.155843
2016.110980 -89.517558 -87.169144
2016.130070 -89.567583 -87.182466
2016.149230 -89.532852 -87.195922
2016.187400 -89.253877 -87.222903
2016.206840 -89.029621 -87.236690
2016.225660 -88.773307 -87.250044
2016.244500 -88.474562 -87.263376
2016.263700 -88.130046 -87.276915
2016.282650 -87.745676 -87.290206
2016.302000 -87.305562 -87.303678
2016.321060 -86.827518 -87.316826
2016.340190 -86.313396 -87.329876
2016.359350 -85.782778 -87.342778
2016.378360 -85.269421 -87.355379
2016.397870 -84.806917 -87.368055
2016.417010 -84.453502 -87.380231
2016.435870 -84.232120 -87.391960
2016.455040 -84.154830 -87.403586
2016.474110 -84.233280 -87.414832
2016.493610 -84.467318 -87.425978
2016.512420 -84.817075 -87.436375
2016.531790 -85.274533 -87.446678
2016.550660 -85.766695 -87.456252
2016.570020 -86.263870 -87.465637
2016.588900 -86.707030 -87.474346
2016.607870 -87.087361 -87.482643
2016.627050 -87.392536 -87.490549
2016.646280 -87.616537 -87.497972
2016.665660 -87.767942 -87.504924
2016.684620 -87.858510 -87.511175
2016.703690 -87.914315 -87.516869
2016.723000 -87.956528 -87.522081
2016.741870 -87.993490 -87.526621
2016.761010 -88.030680 -87.530667
2016.780440 -88.067274 -87.534187
2016.799090 -88.097577 -87.537012
2016.818390 -88.119002 -87.539351
2016.837630 -88.126657 -87.541037
2016.856820 -88.125432 -87.542093
2016.876340 -88.126994 -87.542570
2016.895060 -88.145197 -87.542457
2016.914150 -88.194814 -87.541779
2016.933380 -88.289332 -87.540524
2016.952430 -88.434607 -87.538722
2016.971670 -88.634319 -87.536341
2016.990590 -88.875914 -87.533411
2017.009840 -89.139549 -87.529862
2017.029030 -89.390703 -87.525800
2017.048190 -89.602065 -87.521237
2017.067610 -89.751338 -87.516109
2017.086590 -89.816931 -87.510622
2017.105720 -89.794153 -87.504628
2017.123810 -89.692963 -87.498558
2017.144090 -89.489142 -87.491234
2017.163560 -89.238058 -87.483758
2017.182480 -88.965493 -87.476105
2017.201620 -88.678146 -87.468000
2017.220800 -88.388249 -87.459531
2017.239750 -88.102114 -87.450840
2017.258970 -87.806910 -87.441716
2017.278110 -87.496534 -87.432343
2017.297070 -87.152173 -87.422764
2017.335550 -86.309957 -87.402605
2017.354780 -85.825587 -87.392223
2017.373910 -85.323927 -87.381718
2017.393110 -84.828347 -87.371019
2017.412240 -84.375746 -87.360223
2017.431820 -83.993483 -87.349054
2017.450690 -83.748400 -87.338184
2017.470140 -83.638805 -87.326908
2017.489640 -83.674249 -87.315552
2017.508230 -83.835036 -87.304696
2017.527400 -84.109664 -87.293486
2017.546550 -84.468969 -87.282290
2017.565820 -84.886238 -87.271044
2017.584940 -85.326280 -87.259923
2017.604120 -85.767450 -87.248827
2017.623190 -86.190010 -87.237869
2017.643060 -86.611047 -87.226540
2017.661620 -86.989337 -87.216056
2017.681150 -87.377894 -87.205141
2017.699960 -87.747783 -87.194750
2017.719230 -88.123916 -87.184242
2017.738460 -88.492487 -87.173906
2017.757640 -88.837546 -87.163779
2017.776720 -89.138005 -87.153886
2017.796280 -89.382965 -87.143929
2017.815150 -89.541543 -87.134515
2017.834580 -89.615575 -87.125026
2017.853690 -89.598050 -87.115904
2017.872940 -89.496965 -87.106935
2017.892030 -89.330340 -87.098259
2017.911240 -89.117723 -87.089793
2017.930350 -88.896733 -87.081630
2017.949380 -88.691186 -87.073746
2017.968710 -88.512144 -87.065996
2017.987930 -88.370638 -87.058558
2018.007130 -88.263573 -87.051400
2018.026260 -88.181607 -87.044547
2018.045530 -88.109396 -87.037933
2018.064960 -88.027818 -87.031593
2018.083770 -87.925554 -87.025777
2018.102950 -87.794884 -87.020150
2018.122220 -87.639718 -87.014818
2018.141370 -87.470653 -87.009850
2018.160490 -87.299257 -87.005225
2018.179650 -87.137607 -87.000934
2018.198900 -86.995688 -86.996980
2018.218160 -86.880442 -86.993439
2018.237080 -86.783819 -86.990353
2018.256510 -86.684123 -86.987576
2018.275320 -86.568230 -86.985283
2018.294450 -86.412398 -86.983357
2018.313680 -86.202096 -86.981848
2018.332940 -85.930106 -86.980781
2018.352430 -85.595699 -86.980167
2018.371230 -85.232492 -86.980083
2018.390350 -84.862035 -86.980496
2018.409690 -84.525658 -86.981416
2018.428710 -84.269580 -86.982831
2018.447890 -84.117198 -86.984781
2018.467150 -84.093288 -86.987283
2018.486360 -84.207273 -86.990337
2018.505450 -84.451393 -86.993940
2018.524580 -84.817801 -86.998211
2018.563010 -85.726010 -87.008675
2018.582190 -86.190171 -87.014846
2018.601250 -86.619655 -87.021620
2018.620470 -87.001600 -87.029111
2018.639660 -87.322431 -87.037268
2018.662070 -87.617086 -87.047730
2018.678010 -87.785963 -87.055738
2018.697190 -87.951823 -87.066111
2018.716780 -88.094800 -87.077450
2018.735580 -88.212254 -87.089057
2018.754860 -88.313670 -87.101695
2018.831770 -88.429270 -87.159757
2018.851210 -88.366037 -87.176465
2018.870190 -88.284128 -87.193534
2018.889320 -88.199126 -87.211483
2018.908760 -88.130264 -87.230487
2018.927450 -88.098696 -87.249472
2018.946850 -88.117474 -87.269921
2018.965950 -88.194627 -87.290776
2018.985130 -88.334783 -87.312512
2019.023520 -88.711898 -87.358151
2019.042640 -88.896493 -87.381872
2019.061860 -89.047426 -87.406351
2019.129300 -89.089889 -87.497039
2019.138080 -89.044260 -87.509300
2019.157840 -88.900744 -87.537412
2019.195930 -88.576776 -87.592955
2019.215350 -88.410676 -87.621878
2019.253760 -88.078830 -87.680100
2019.272570 -87.892289 -87.709022
2019.289080 -87.685876 -87.734627
2019.310860 -87.347895 -87.768581
2019.330250 -86.966347 -87.798958
2019.349280 -86.524120 -87.828852
2019.368920 -86.013812 -87.859742
2019.387980 -85.493119 -87.889709
2019.406820 -84.986832 -87.919278
2019.425440 -84.529537 -87.948407
2019.445340 -84.151840 -87.979354
2019.464550 -83.920040 -88.009012
2019.483110 -83.833628 -88.037424
2019.502820 -83.888980 -88.067298
2019.521890 -84.080020 -88.095858
2019.560360 -84.795739 -88.152277
2019.579530 -85.267005 -88.179722
2019.598650 -85.783261 -88.206533
2019.617350 -86.310341 -88.232204
2019.637590 -86.895146 -88.259387
2019.656050 -87.439051 -88.283579
2019.675320 -88.016238 -88.308213
2019.694420 -88.596222 -88.331977
2019.713660 -89.183495 -88.355235
2019.732790 -89.760356 -88.377670
2019.754570 -90.380574 -88.402281
2019.777030 -90.941402 -88.426642
2019.790370 -91.208777 -88.440544
2019.809710 -91.519711 -88.460181
2019.828940 -91.713243 -88.478969
2019.848100 -91.787851 -88.496964
2019.867260 -91.751410 -88.514246
2019.886510 -91.620479 -88.530903
2019.905790 -91.419238 -88.546821
2019.925250 -91.190290 -88.562191
2019.944510 -90.971260 -88.576766
2019.962780 -90.791303 -88.590037
2019.997790 -90.551541 -88.614135
2020.011460 -90.501844 -88.623040
2020.030580 -90.452356 -88.635152
2020.049710 -90.412786 -88.646891
2020.068840 -90.365253 -88.658302
2020.090690 -90.280681 -88.671002
2020.107090 -90.191490 -88.680376
2020.142610 -89.905168 -88.700368
2020.164460 -89.694179 -88.712655
2020.183590 -89.503683 -88.723521
2020.202710 -89.316917 -88.734564
2020.221840 -89.135890 -88.745875
2020.240850 -88.957704 -88.757456
2020.259980 -88.769867 -88.769537
2020.279100 -88.555436 -88.782171
2020.298230 -88.292545 -88.795496
2020.317360 -87.974224 -88.809544
2020.336480 -87.600026 -88.824395
2020.355610 -87.179078 -88.840153
2020.393860 -86.284048 -88.874706
2020.432110 -85.539500 -88.914022
2020.470360 -85.238223 -88.959067
2020.508610 -85.456234 -89.010182
2020.546860 -86.104092 -89.067955
2020.585110 -86.991628 -89.133149
2020.623370 -87.938203 -89.206489
2020.699870 -89.888187 -89.377704
2020.738120 -90.914940 -89.476372
2020.776370 -91.832610 -89.584089
2020.814740 -92.432846 -89.700754
2020.852990 -92.558826 -89.825464
2020.893970 -92.169864 -89.968257
2020.929490 -91.594187 -90.099654
2020.967740 -91.027973 -90.247747
2021.006010 -90.703084 -90.402272
2021.047110 -90.690775 -90.574537
2021.082720 -90.886333 -90.728305
2021.121080 -91.187997 -90.897174
2021.159430 -91.528203 -91.068354
2021.197790 -91.863356 -91.240720
2021.236030 -92.089474 -91.412243
2021.274390 -92.038500 -91.582635
2021.312750 -91.543981 -91.750002
2021.351100 -90.549031 -91.912651
2021.389460 -89.299308 -92.069142
2021.433290 -88.113260 -92.238798
2021.446990 -87.888851 -92.289567
2021.485350 -87.809501 -92.425062
2021.523700 -88.623148 -92.548985
2021.562060 -90.037156 -92.660985
2021.600420 -91.703316 -92.759985
2021.638770 -93.302689 -92.844948
2021.677130 -94.616670 -92.913963
2021.715480 -95.598182 -92.967435
2021.753840 -96.218570 -93.004888
2021.792200 -96.434654 -93.025869
2021.830670 -96.196695 -93.028981
2021.871760 -95.584131 -93.013922
2021.907380 -94.945123 -92.985605
2021.945740 -94.374978 -92.939620
2021.964910 -94.201893 -92.910187
2021.984090 -94.100374 -92.876964
2022.003270 -94.056164 -92.840059
2022.022450 -94.046758 -92.799578
2022.041630 -94.045327 -92.755630
2022.044370 -94.044191 -92.749021
2022.060800 -94.024896 -92.708359
2022.079980 -93.962367 -92.657843
2022.099160 -93.841324 -92.604194
2022.118340 -93.650653 -92.547198
2022.137520 -93.411383 -92.487469
2022.156690 -93.142236 -92.425207
2022.175870 -92.863643 -92.360513
2022.195050 -92.594624 -92.293588
2022.216970 -92.317303 -92.214525
2022.233290 -92.133228 -92.154218
2022.252470 -91.942120 -92.081661
2022.271650 -91.760941 -92.007446
2022.290830 -91.565548 -91.932002
2022.312750 -91.302637 -91.844553
2022.329180 -91.062709 -91.778263
2022.348360 -90.737056 -91.700324
2022.367540 -90.365342 -91.621951
2022.386720 -89.962661 -91.543343
2022.405900 -89.553551 -91.464703
2022.444250 -88.864771 -91.308366
2022.463430 -88.634744 -91.231021
2022.482610 -88.499281 -91.154490
2022.501790 -88.459402 -91.078960
2022.520960 -88.506374 -91.004649
2022.559320 -88.790528 -90.860231
2022.578500 -88.983093 -90.790792
2022.597680 -89.179195 -90.723268
2022.636030 -89.556513 -90.594608
2022.674390 -89.929211 -90.475302
2022.693570 -90.129522 -90.419485
2022.731920 -90.573207 -90.316679
2022.770280 -91.000214 -90.226014
2022.811380 -91.270903 -90.142707
2022.827930 -91.292544 -90.113251
2022.847110 -91.244082 -90.082218
2022.866280 -91.121664 -90.054561
2022.888200 -90.911131 -90.027335
2022.904640 -90.728746 -90.010260
2022.923820 -90.522329 -89.993152
2022.943000 -90.342593 -89.979402
2022.964910 -90.193926 -89.967839
2022.981350 -90.128304 -89.961917
2023.000530 -90.104814 -89.958124
2023.019710 -90.129923 -89.957637
2023.038890 -90.188580 -89.960834
2023.058060 -90.255575 -89.967160
2023.074500 -90.308705 -89.975057
2023.099160 -90.371088 -89.990925
2023.115600 -90.399885 -90.004240
2023.134780 -90.426838 -90.022373
2023.153960 -90.457430 -90.043247
2023.173130 -90.505659 -90.066791
2023.192310 -90.588360 -90.093249
2023.211490 -90.703451 -90.122101
2023.230550 -90.840932 -90.153033
2023.249730 -90.984753 -90.186314
2023.268910 -91.109768 -90.221643
2023.288090 -91.188293 -90.258897
2023.307270 -91.193407 -90.297953
2023.326440 -91.101123 -90.338693
2023.348360 -90.857560 -90.387272
2023.364800 -90.579632 -90.425060
2023.386720 -90.140965 -90.476666
2023.403160 -89.778858 -90.516370
2023.422330 -89.358627 -90.563529
2023.441510 -88.976893 -90.611560
2023.460690 -88.669343 -90.660313
2023.479870 -88.466001 -90.709674
2023.488090 -88.434775 -90.731042
2023.518220 -88.441684 -90.809695
2023.537400 -88.587285 -90.860055
2023.556580 -88.814209 -90.910487
2023.575760 -89.101423 -90.960882
2023.594940 -89.429362 -91.011132
2023.614120 -89.782515 -91.061130
2023.633290 -90.151108 -91.110745
2023.652470 -90.533255 -91.159856
2023.671650 -90.932744 -91.217936
