# x_interp smoothed_curve trend
2012.716975 -90.441614 -88.825024
2012.736254 -90.635365 -88.817752
2013.467204 -87.062122 -88.405955
2013.486140 -86.496935 -88.401928
2013.506503 -85.977807 -88.399004
2013.525554 -85.626787 -88.397417
2013.563884 -85.312836 -88.397164
2013.583505 -85.427487 -88.399126
2013.600902 -85.614245 -88.401702
2013.620067 -85.914826 -88.405552
2013.639346 -86.298691 -88.411101
2013.658511 -86.690464 -88.417627
2013.676250 -87.056992 -88.424476
2013.714352 -87.712884 -88.443624
2013.733402 -87.974818 -88.454664
2013.753879 -88.176738 -88.468090
2013.773044 -88.297789 -88.481939
2013.792095 -88.370510 -88.496605
2013.811374 -88.389637 -88.512473
2013.830653 -88.338219 -88.529727
2013.848164 -88.261090 -88.546073
2013.867672 -88.141202 -88.565053
2013.886608 -87.994732 -88.584725
2013.905773 -87.856017 -88.605263
2013.926250 -87.730720 -88.627926
2013.945643 -87.674026 -88.650189
2013.964352 -87.716654 -88.672288
2014.020192 -88.405053 -88.740589
2014.039586 -88.830539 -88.764898
2014.058979 -89.318389 -88.789367
2014.075064 -89.741152 -88.809710
2014.095540 -90.251468 -88.835544
2014.114820 -90.691699 -88.859774
2014.152921 -91.221801 -88.906635
2014.236140 -91.172231 -89.001635
2014.253765 -91.051178 -89.020002
2014.292095 -90.761145 -89.056386
2014.311146 -90.602890 -89.072952
2014.330425 -90.418628 -89.088395
2014.350902 -90.159989 -89.102982
2014.367101 -89.916582 -89.113575
2014.389004 -89.519527 -89.126309
2014.408283 -89.090324 -89.135285
2014.425793 -88.683722 -89.142140
2014.445073 -88.228039 -89.148386
2014.523044 -87.190790 -89.153414
2014.581110 -87.812601 -89.136291
2014.597822 -88.143319 -89.127539
2014.617329 -88.520416 -89.115831
2014.636608 -88.874773 -89.102571
2014.655545 -89.130392 -89.086993
2014.673056 -89.280529 -89.070989
2014.686973 -89.358037 -89.057496
2014.730550 -89.189133 -89.007477
2014.751027 -88.994861 -88.980956
2014.770078 -88.776328 -88.954573
2014.808408 -88.373554 -88.895767
2014.864477 -88.129956 -88.799188
2014.902921 -88.302369 -88.726578
2014.923512 -88.527978 -88.685739
2014.942677 -88.802763 -88.646880
2014.978041 -89.492196 -88.572889
2015.017797 -90.413151 -88.487451
2015.036734 -90.832246 -88.446048
2015.056013 -91.197176 -88.403780
2015.093031 -91.598038 -88.322526
2015.112082 -91.572181 -88.280967
2015.130904 -91.415613 -88.240151
2015.176136 -90.330128 -88.144354
2015.195073 -89.687770 -88.105531
2015.214466 -88.979375 -88.066542
2015.233402 -88.263707 -88.029621
2015.269850 -86.985685 -87.962051
2015.327573 -85.391260 -87.866179
2015.348050 -84.920878 -87.835586
2015.367215 -84.512216 -87.809581
2015.405659 -83.750491 -87.762862
2015.520763 -83.898030 -87.679978
2015.539243 -84.505818 -87.674629
2015.558408 -85.393530 -87.672859
2015.595198 -87.335916 -87.675706
2015.614363 -88.395143 -87.681846
2015.708762 -91.614190 -87.750902
2015.728155 -91.676647 -87.773211
2015.786391 -90.820747 -87.857164
2015.825178 -89.820214 -87.926840
2015.900183 -88.167873 -88.087584
2015.920660 -87.920660 -88.137051
2015.939825 -87.834621 -88.185841
2015.977927 -87.936909 -88.287103
2015.997092 -88.166012 -88.340917
2016.015059 -88.424988 -88.392453
2016.033996 -88.732022 -88.447776
2016.072326 -89.304236 -88.563798
2016.087213 -89.482062 -88.609622
2016.128509 -89.544632 -88.739770
2016.147331 -89.421901 -88.799787
2016.303047 -88.055539 -89.295810
2016.322097 -88.156874 -89.353963
2016.342803 -88.260894 -89.416196
2016.361739 -88.334527 -89.472183
2016.380790 -88.312894 -89.526781
2016.436859 -87.815790 -89.679621
2016.475303 -87.315708 -89.775963
2016.494240 -87.144139 -89.820643
2016.517226 -87.122591 -89.871888
2016.533653 -87.235934 -89.906742
2016.552818 -87.485529 -89.945852
2016.572097 -87.965141 -89.981957
2016.589722 -88.489030 -90.013238
2016.608887 -89.139605 -90.045457
2016.628166 -89.860339 -90.074625
2016.647217 -90.551797 -90.101127
2016.667580 -91.246224 -90.127113
2016.684121 -91.736376 -90.145918
2016.703400 -92.187047 -90.165191
2016.722223 -92.530700 -90.181985
2016.741502 -92.750556 -90.196523
2016.762093 -92.828627 -90.208664
2016.781144 -92.808252 -90.217619
2016.800309 -92.709630 -90.224576
2016.819245 -92.513147 -90.228151
2016.836984 -92.291716 -90.229615
2016.856264 -92.019330 -90.229364
2016.875428 -91.725207 -90.226151
2016.894708 -91.444037 -90.220671
2016.913873 -91.189974 -90.213406
2016.931497 -91.004111 -90.204646
2016.953514 -90.873954 -90.191068
2016.972451 -90.847050 -90.177518
2016.991502 -90.893183 -90.162378
2017.028520 -91.240794 -90.126996
2017.047571 -91.467510 -90.106923
2017.066736 -91.686706 -90.084853
2017.084361 -91.834205 -90.063473
2017.103754 -91.936738 -90.039003
2017.125543 -91.906189 -90.010004
2017.141856 -91.757737 -89.987317
2017.167808 -91.394171 -89.950264
2017.186973 -91.034817 -89.922165
2017.225303 -90.203706 -89.864253
2017.244240 -89.820670 -89.835210
2017.261979 -89.503113 -89.807832
2017.280915 -89.241164 -89.778578
2017.300080 -89.018380 -89.749055
2017.339722 -88.655817 -89.688748
2017.353868 -88.513510 -89.667647
2017.377938 -88.223049 -89.632368
2017.396989 -87.918538 -89.605236
2017.411363 -87.649621 -89.585329
2017.453286 -86.778217 -89.529799
2017.472565 -86.424045 -89.506095
2017.491616 -86.148995 -89.483600
2017.511979 -85.963989 -89.460690
2017.531144 -86.009458 -89.440918
2017.550309 -86.197432 -89.422314
2017.574949 -86.653578 -89.400349
2017.586984 -86.957608 -89.390463
2017.606149 -87.519278 -89.376125
2017.625314 -88.127822 -89.363032
2017.644365 -88.750901 -89.351741
2017.684121 -89.884848 -89.333381
2017.700548 -90.267041 -89.327556
2017.719599 -90.588524 -89.322758
2017.738878 -90.833073 -89.319207
2017.759241 -90.997972 -89.316979
2017.778406 -91.035981 -89.316996
2017.797571 -91.007642 -89.318390
2017.816736 -90.923032 -89.321015
2017.853526 -90.581055 -89.330677
2017.872805 -90.348230 -89.337541
2017.891970 -90.088079 -89.345757
2017.911021 -89.829481 -89.355405
2017.950662 -89.363626 -89.378542
2017.969713 -89.239550 -89.391570
2018.006617 -89.181290 -89.418942
2018.025782 -89.272621 -89.434512
2018.044947 -89.407856 -89.450732
2018.064112 -89.565876 -89.467458
2018.083163 -89.727527 -89.484673
2018.100788 -89.839116 -89.501029
2018.119839 -89.923413 -89.518949
2018.158283 -89.895985 -89.555863
2018.184235 -89.775072 -89.580960
2018.203400 -89.670869 -89.599440
2018.222565 -89.574376 -89.617815
2018.241502 -89.539604 -89.635655
2018.259127 -89.548229 -89.652025
2018.278292 -89.607034 -89.669539
2018.297343 -89.735157 -89.686281
2018.316508 -89.873809 -89.702648
2018.337099 -90.019536 -89.719634
2018.356149 -90.108418 -89.734542
2018.375428 -90.110566 -89.748775
2018.394593 -90.039763 -89.762238
2018.413758 -89.878685 -89.774873
2018.431269 -89.645000 -89.785310
2018.450434 -89.364775 -89.796029
2018.469599 -89.063548 -89.805861
2018.488878 -88.813901 -89.814285
2018.509241 -88.631794 -89.822164
2018.528406 -88.547236 -89.828608
2018.547571 -88.605679 -89.833686
2018.584247 -89.010257 -89.840258
2018.603526 -89.343960 -89.841969
2018.622805 -89.708704 -89.842305
2018.641741 -90.063843 -89.841682
2018.660792 -90.402523 -89.839992
2018.678417 -90.653190 -89.837007
2018.697696 -90.884528 -89.832909
2018.716861 -91.063944 -89.827879
2018.736140 -91.168475 -89.821222
2018.753765 -91.236873 -89.814367
2018.775554 -91.284899 -89.804775
2018.794719 -91.295557 -89.795117
2018.813884 -91.279287 -89.784364
2018.850788 -91.177707 -89.761332
2018.870067 -91.065217 -89.747783
2018.889346 -90.921847 -89.733539
2018.908283 -90.750315 -89.718871
2018.928760 -90.525892 -89.701881
2018.947810 -90.311095 -89.685447
2018.967090 -90.094572 -89.668263
2019.006731 -89.722634 -89.630753
2019.042209 -89.490020 -89.595386
2019.061488 -89.396481 -89.575407
2019.080539 -89.306368 -89.555332
2019.098050 -89.220835 -89.536565
2019.117101 -89.106390 -89.515739
2019.136380 -88.977135 -89.494416
2019.155545 -88.835691 -89.472977
2019.181612 -88.648178 -89.443355
2019.200662 -88.553881 -89.421423
2019.219599 -88.503851 -89.399478
2019.238992 -88.501823 -89.376861
2019.256389 -88.578799 -89.356392
2019.275668 -88.700393 -89.333604
2019.294719 -88.848749 -89.310983
2019.313884 -88.996141 -89.288081
2019.330311 -89.074352 -89.268367
2019.353640 -89.093464 -89.240252
2019.391856 -88.723977 -89.193841
2019.425793 -88.000146 -89.149720
