# x_interp smoothed_curve trend
2012.716975 -90.875480 -89.199419
2012.736254 -91.095713 -89.170581
2013.353754 -87.983905 -88.239156
2013.372805 -87.666451 -88.224675
2013.467204 -85.420428 -88.181694
2013.486140 -85.047647 -88.178429
2013.506503 -84.801914 -88.177706
2013.525554 -84.720843 -88.179219
2013.563884 -84.923880 -88.187739
2013.583505 -85.240493 -88.195866
2013.600902 -85.574134 -88.204530
2013.620067 -85.996651 -88.215819
2013.639346 -86.447175 -88.229980
2013.658511 -86.881431 -88.245709
2013.676250 -87.269445 -88.261582
2013.714352 -87.925428 -88.302627
2013.733402 -88.179282 -88.325383
2013.753879 -88.364810 -88.352158
2013.773044 -88.460572 -88.379064
2013.792095 -88.499758 -88.407076
2013.811374 -88.474272 -88.436853
2013.830653 -88.365517 -88.468481
2013.848164 -88.233790 -88.498076
2013.867672 -88.050983 -88.532033
2013.886608 -87.853468 -88.566510
2013.905773 -87.675334 -88.602118
2013.926250 -87.523389 -88.640965
2013.945643 -87.462914 -88.678586
2013.964352 -87.517794 -88.715445
2014.020192 -88.280984 -88.827084
2014.039586 -88.736321 -88.866023
2014.058979 -89.254699 -88.904873
2014.075064 -89.713192 -88.936732
2014.095540 -90.284453 -88.976936
2014.114820 -90.802889 -89.014329
2014.152921 -91.626398 -89.085414
2014.236140 -92.582437 -89.225451
2014.253765 -92.649688 -89.251861
2014.330425 -92.032891 -89.347417
2014.367101 -91.075532 -89.381132
2014.389004 -90.336839 -89.397730
2014.408283 -89.601769 -89.408995
2014.425793 -88.941524 -89.417323
2014.445073 -88.233962 -89.424587
2014.483402 -87.199744 -89.429884
2014.523044 -86.776948 -89.425176
2014.581110 -87.472153 -89.396897
2014.597822 -87.839721 -89.383660
2014.617329 -88.260638 -89.366260
2014.636608 -88.659448 -89.346864
2014.655545 -88.962274 -89.324533
2014.673056 -89.159650 -89.301865
2014.686973 -89.276440 -89.282870
2014.730550 -89.232329 -89.213788
2014.751027 -89.084941 -89.177660
2014.770078 -88.896683 -89.142000
2014.808408 -88.484657 -89.063568
2014.864477 -88.123737 -88.936909
2014.902921 -88.227421 -88.843169
2014.923512 -88.447933 -88.790987
2014.942677 -88.734902 -88.741603
2014.978041 -89.484455 -88.648436
2015.017797 -90.465984 -88.541997
2015.036734 -90.881245 -88.490977
2015.056013 -91.223538 -88.439134
2015.093031 -91.529451 -88.340311
2015.112082 -91.447632 -88.290221
2015.130904 -91.241970 -88.241256
2015.176136 -90.148548 -88.127634
2015.195073 -89.556020 -88.082078
2015.214466 -88.919569 -88.036571
2015.233402 -88.292216 -87.993797
2015.269850 -87.159877 -87.916312
2015.327573 -85.565796 -87.808443
2015.348050 -85.021962 -87.774598
2015.367215 -84.516423 -87.746236
2015.405659 -83.574425 -87.696082
2015.520763 -83.851659 -87.614306
2015.539243 -84.530455 -87.610466
2015.558408 -85.467353 -87.610784
2015.595198 -87.445776 -87.618405
2015.614363 -88.484239 -87.627556
2015.708762 -91.566617 -87.714753
2015.728155 -91.630448 -87.741318
2015.786391 -90.813789 -87.838643
2015.825178 -89.815954 -87.917392
2015.900183 -88.160811 -88.095089
2015.920660 -87.938918 -88.148898
2015.939825 -87.894039 -88.201535
2015.977927 -88.091171 -88.309969
2015.997092 -88.356635 -88.366991
2016.015059 -88.632110 -88.421333
2016.033996 -88.938920 -88.479417
2016.072326 -89.414972 -88.600004
2016.087213 -89.538068 -88.647365
2016.128509 -89.439752 -88.780431
2016.147331 -89.268229 -88.841311
2016.303047 -88.264819 -89.330636
2016.322097 -88.338546 -89.386231
2016.342803 -88.383158 -89.445348
2016.361739 -88.379561 -89.498186
2016.380790 -88.268536 -89.549152
2016.436859 -87.610750 -89.689626
2016.475303 -87.157582 -89.776015
2016.494240 -87.049644 -89.815398
2016.517226 -87.116640 -89.859859
2016.533653 -87.287167 -89.889682
2016.552818 -87.594730 -89.922768
2016.572097 -88.096856 -89.952542
2016.589722 -88.621570 -89.977918
2016.608887 -89.253557 -90.003596
2016.628166 -89.931086 -90.026009
2016.647217 -90.576272 -90.045741
2016.667580 -91.223190 -90.064406
2016.684121 -91.683719 -90.077199
2016.703400 -92.117580 -90.089422
2016.722223 -92.457915 -90.099312
2016.741502 -92.690973 -90.106767
2016.762093 -92.794347 -90.111369
2016.781144 -92.798646 -90.113386
2016.800309 -92.723877 -90.113406
2016.819245 -92.542553 -90.110230
2016.836984 -92.330397 -90.105453
2016.856264 -92.064015 -90.098503
2016.875428 -91.773529 -90.088801
2016.894708 -91.498993 -90.076947
2016.913873 -91.254161 -90.063487
2016.931497 -91.080127 -90.049206
2016.953514 -90.960858 -90.028995
2016.972451 -90.932383 -90.009950
2016.991502 -90.964398 -89.989462
2017.028520 -91.183855 -89.944539
2017.047571 -91.305128 -89.919862
2017.066736 -91.380004 -89.893514
2017.084361 -91.384420 -89.868441
2017.103754 -91.326135 -89.840129
2017.125543 -91.132532 -89.807217
2017.141856 -90.901793 -89.781917
2017.167808 -90.468869 -89.741080
2017.225303 -89.466809 -89.648739
2017.244240 -89.214854 -89.618214
2017.261979 -89.032243 -89.589715
2017.280915 -88.899018 -89.559638
2017.300080 -88.785337 -89.529529
2017.339722 -88.538767 -89.469003
2017.353868 -88.405674 -89.448129
2017.377938 -88.104236 -89.413585
2017.396989 -87.781693 -89.387380
2017.411363 -87.506974 -89.368365
2017.453286 -86.669328 -89.316195
2017.472565 -86.367876 -89.294489
2017.491616 -86.154287 -89.274161
2017.511979 -86.041665 -89.253790
2017.531144 -86.141626 -89.236710
2017.550309 -86.363308 -89.220971
2017.574949 -86.825155 -89.202960
2017.586984 -87.114396 -89.195113
2017.606149 -87.629087 -89.184179
2017.625314 -88.174162 -89.174625
2017.644365 -88.720515 -89.167019
2017.684121 -89.709196 -89.156789
2017.700548 -90.044500 -89.154457
2017.719599 -90.331233 -89.153838
2017.738878 -90.551197 -89.154590
2017.759241 -90.700869 -89.156993
2017.778406 -90.730517 -89.161467
2017.797571 -90.692972 -89.167374
2017.816736 -90.598498 -89.174557
2017.853526 -90.242028 -89.193105
2017.872805 -90.012420 -89.204667
2017.891970 -89.770604 -89.217577
2017.911021 -89.554211 -89.231907
2017.950662 -89.224697 -89.264800
2017.969713 -89.184223 -89.282512
2018.006617 -89.265467 -89.318929
2018.025782 -89.394164 -89.339169
2018.044947 -89.536139 -89.360036
2018.064112 -89.676365 -89.381390
2018.083163 -89.790495 -89.403175
2018.100788 -89.844995 -89.423728
2018.119839 -89.867185 -89.446162
2018.158283 -89.762528 -89.492073
2018.184235 -89.655120 -89.523162
2018.203400 -89.594168 -89.546027
2018.222565 -89.564956 -89.568751
2018.241502 -89.607583 -89.590838
2018.259127 -89.680590 -89.611134
2018.278292 -89.798204 -89.632886
2018.297343 -89.940302 -89.653784
2018.316508 -90.063018 -89.674299
2018.337099 -90.157897 -89.695701
2018.356149 -90.166723 -89.714644
2018.375428 -90.078768 -89.732911
2018.394593 -89.922456 -89.750347
2018.413758 -89.689763 -89.766908
2018.431269 -89.427344 -89.780872
2018.450434 -89.140296 -89.795412
2018.469599 -88.863649 -89.809016
2018.488878 -88.675833 -89.821147
2018.509241 -88.568347 -89.832879
2018.528406 -88.557122 -89.842885
2018.547571 -88.676556 -89.851432
2018.584247 -89.134786 -89.864399
2018.603526 -89.459765 -89.869326
2018.622805 -89.795787 -89.872743
2018.641741 -90.115751 -89.875047
2018.660792 -90.415495 -89.876183
2018.678417 -90.640133 -89.875633
2018.697696 -90.852351 -89.874079
2018.716861 -91.024265 -89.871440
2018.736140 -91.137517 -89.866917
2018.753765 -91.216232 -89.861862
2018.775554 -91.277923 -89.854269
2018.794719 -91.294193 -89.846089
2018.813884 -91.273131 -89.836527
2018.850788 -91.144406 -89.815095
2018.870067 -91.016630 -89.801855
2018.889346 -90.864884 -89.787637
2018.908283 -90.694138 -89.772706
2018.928760 -90.493470 -89.754865
2018.947810 -90.311528 -89.737270
2018.967090 -90.135055 -89.718565
2019.006731 -89.832201 -89.676301
2019.042209 -89.599878 -89.635025
2019.061488 -89.467828 -89.610966
2019.080539 -89.326019 -89.586406
2019.098050 -89.182163 -89.563065
2019.117101 -89.009532 -89.536525
2019.136380 -88.836344 -89.508915
2019.155545 -88.669795 -89.480716
2019.181612 -88.511589 -89.440650
2019.200662 -88.479488 -89.410185
2019.219599 -88.504213 -89.379213
2019.238992 -88.588411 -89.346772
2019.256389 -88.732080 -89.316635
2019.275668 -88.902401 -89.282552
2019.294719 -89.071274 -89.248180
2019.313884 -89.184326 -89.212534
2019.330311 -89.200225 -89.181307
2019.353640 -89.092992 -89.136017
2019.391856 -88.464624 -89.058962
2019.425793 -87.541323 -88.983042
2019.425793 -87.541323 -88.983042
