# x_interp smoothed_curve trend
2010.675565 -83.645501 -84.107427
2010.706138 -84.442738 -84.159013
2010.722223 -84.794162 -84.187006
2010.738764 -85.069921 -84.216548
2010.757074 -85.264911 -84.250053
2010.775554 -85.365763 -84.284556
2010.797343 -85.385330 -84.326047
2010.816622 -85.350147 -84.363415
2010.830768 -85.315326 -84.391123
2010.848507 -85.292775 -84.426290
2010.870181 -85.338296 -84.469661
2010.889118 -85.468925 -84.507830
2010.947810 -86.284823 -84.626551
2010.961614 -86.508791 -84.654384
2011.023387 -87.006340 -84.776670
2011.039471 -86.921196 -84.807590
2011.061374 -86.682396 -84.848979
2011.077687 -86.422282 -84.879139
2011.095540 -86.083816 -84.911462
2011.111739 -85.749837 -84.940043
2011.136494 -85.259975 -84.982227
2011.150526 -85.026894 -85.005089
2011.178645 -84.656744 -85.049303
2011.217204 -84.451803 -85.104685
2011.238992 -84.444372 -85.133344
2011.275668 -84.514307 -85.176767
2011.292666 -84.550398 -85.194891
2011.313770 -84.575873 -85.215314
2011.327345 -84.574086 -85.227151
2011.351473 -84.538702 -85.246120
2011.368128 -84.484484 -85.257257
2011.392655 -84.369694 -85.271235
2011.412048 -84.247076 -85.279929
2011.429787 -84.113424 -85.286150
2011.443476 -83.999912 -85.290062
2011.461043 -83.835925 -85.293133
2011.538901 -83.215795 -85.287495
2011.614135 -83.833923 -85.253288
2011.633185 -84.301200 -85.240385
2011.664672 -85.252049 -85.215938
2011.714238 -86.801772 -85.169547
2011.733745 -87.267945 -85.149095
2011.751484 -87.577567 -85.129571
2011.791981 -87.758689 -85.081803
2011.811260 -87.620723 -85.057779
2011.830425 -87.397131 -85.033289
2011.848050 -87.151453 -85.010330
2011.865048 -86.906171 -84.987889
2011.905773 -86.415467 -84.933300
2012.112196 -85.199434 -84.678169
2012.173170 -85.091146 -84.622805
2012.192563 -85.147842 -84.608054
2012.211956 -85.216762 -84.594797
2012.234087 -85.266770 -84.581712
2012.249944 -85.257596 -84.573700
2012.289357 -84.980823 -84.558720
2012.308408 -84.702079 -84.554046
2012.325064 -84.387455 -84.551288
2012.348621 -83.834451 -84.549791
2012.386266 -82.797948 -84.552690
2012.405431 -82.240185 -84.556914
2012.420660 -81.806165 -84.561678
2012.442221 -81.218031 -84.570018
2012.456138 -80.864056 -84.576474
2012.479068 -80.349385 -84.589147
2012.494696 -80.045811 -84.598887
2012.518139 -79.729441 -84.615819
2012.536962 -79.599346 -84.631006
2012.556013 -79.616367 -84.647852
2012.574721 -79.785039 -84.665675
2012.615048 -80.681226 -84.708078
2012.650412 -81.994867 -84.749221
2012.695643 -84.046305 -84.806595
2012.709104 -84.640205 -84.824499
2012.767569 -86.594147 -84.905342
2012.783996 -86.923728 -84.928680
2012.917922 -87.784830 -85.118993
2012.942335 -87.986656 -85.151989
2012.958990 -88.127281 -85.173972
2012.981121 -88.284556 -85.202293
2013.017569 -88.384767 -85.246551
2013.031372 -88.349239 -85.262349
2013.050765 -88.249687 -85.283779
2013.070044 -88.096711 -85.304016
2013.087784 -87.926686 -85.321700
2013.131475 -87.521543 -85.360607
2013.145278 -87.432110 -85.371383
2013.170660 -87.310940 -85.389750
2013.189825 -87.254749 -85.401942
2013.208990 -87.201314 -85.412794
2013.437201 -82.570596 -85.439158
2013.454199 -82.248855 -85.434082
2013.481235 -81.855467 -85.424706
2013.494354 -81.753708 -85.419318
2013.518368 -81.666032 -85.408702
2013.533882 -81.707000 -85.401180
2013.555784 -81.892915 -85.389817
2013.574721 -82.176798 -85.379370
2013.593145 -82.558339 -85.368725
2013.609344 -82.982533 -85.358987
2013.628280 -83.552860 -85.347274
2013.644479 -84.076604 -85.337042
2013.666610 -84.803502 -85.322835
2013.686745 -85.422551 -85.309780
2013.703172 -85.869120 -85.299104
2013.722223 -86.279257 -85.286760
2013.747434 -86.572076 -85.270680
2013.770307 -86.620022 -85.256441
2013.786734 -86.545778 -85.246474
2013.806127 -86.352942 -85.235161
2013.819588 -86.189818 -85.227617
2013.837327 -85.967643 -85.218015
2013.859001 -85.729554 -85.207010
2013.878737 -85.585653 -85.197711
2013.897331 -85.534821 -85.189631
2013.920432 -85.605406 -85.180742
2013.940053 -85.748279 -85.174159
2013.953400 -85.870524 -85.170347
2013.972679 -86.044437 -85.165486
2013.991844 -86.189334 -85.161623
2014.012207 -86.276294 -85.158640
2014.031372 -86.276468 -85.156888
2014.047799 -86.201127 -85.156320
2014.066964 -86.042342 -85.156711
2014.087213 -85.822582 -85.158312
2014.106492 -85.594896 -85.161012
2014.128623 -85.352328 -85.165513
2014.142541 -85.224481 -85.169051
2014.167808 -85.080262 -85.177206
2014.189597 -85.039410 -85.185771
2014.209104 -85.056493 -85.194630
2014.225417 -85.096147 -85.202854
2014.244925 -85.150076 -85.213895
2014.267455 -85.187095 -85.227915
2014.281258 -85.178304 -85.237308
2014.321869 -85.012633 -85.267603
2014.339722 -84.870457 -85.282204
2014.381817 -84.414130 -85.319682
2014.400412 -84.189534 -85.337454
2014.417352 -83.989288 -85.354333
2014.434692 -83.795887 -85.372108
2014.456937 -83.574967 -85.395641
2014.474846 -83.429733 -85.415144
2014.494011 -83.317315 -85.436513
2014.514602 -83.264370 -85.460001
2014.533882 -83.292479 -85.482414
2014.556127 -83.456559 -85.508739
2014.572782 -83.688323 -85.528725
2014.587669 -83.974968 -85.546733
2014.611853 -84.582099 -85.576204
2014.628623 -85.101572 -85.596765
2014.645393 -85.679189 -85.617388
2014.666154 -86.447507 -85.642965
2014.681269 -87.003989 -85.661571
2014.703172 -87.748013 -85.688468
2014.720056 -88.226049 -85.709101
2014.741502 -88.685403 -85.735146
2014.761979 -88.938065 -85.759788
2014.778634 -89.015689 -85.779648
2014.803161 -88.913456 -85.808483
2014.817078 -88.784047 -85.824666
2014.834589 -88.548916 -85.844696
2014.856720 -88.223315 -85.869613
2014.875657 -87.953396 -85.890501
2014.894593 -87.716603 -85.910990
2014.913873 -87.519157 -85.931418
2014.934349 -87.354651 -85.952606
2014.950548 -87.245075 -85.969036
2014.970170 -87.117069 -85.988409
2014.991730 -86.946232 -86.009094
2015.006731 -86.788891 -86.023061
2015.028520 -86.511617 -86.042875
2015.064226 -85.939673 -86.073945
2015.092688 -85.456978 -86.097420
2015.109230 -85.208183 -86.110586
2015.128166 -84.977158 -86.125217
2015.141970 -84.862939 -86.135557
2015.187087 -84.789087 -86.167718
2015.206024 -84.870240 -86.180454
2015.222451 -84.960263 -86.191175
2015.244468 -85.077140 -86.205089
2015.267226 -85.148578 -86.218933
2015.281600 -85.156329 -86.227439
2015.316622 -84.989126 -86.247275
2015.339836 -84.758050 -86.259857
2015.358659 -84.518653 -86.269734
2015.375314 -84.290209 -86.278267
2015.397217 -83.989548 -86.289215
2015.416382 -83.750170 -86.298561
2015.434121 -83.563008 -86.307043
2015.453400 -83.416844 -86.316079
2015.474732 -83.348232 -86.325877
2015.497206 -83.391838 -86.336022
2015.515287 -83.540130 -86.344055
2015.540271 -83.892598 -86.355039
2015.550423 -84.116057 -86.359450
2015.569131 -84.587359 -86.367552
2015.587099 -85.147398 -86.375288
2015.603412 -85.756820 -86.382278
2015.624972 -86.656306 -86.391488
2015.641970 -87.413458 -86.398737
2015.661820 -88.298276 -86.407202
2015.678531 -89.007010 -86.414333
2015.697925 -89.738244 -86.422623
2015.719599 -90.363848 -86.431908
2015.736140 -90.676253 -86.439023
2015.756617 -90.829301 -86.447864
2015.778520 -90.731185 -86.457374
2015.797685 -90.439281 -86.465734
2015.816736 -90.015586 -86.474087
2015.834475 -89.545832 -86.481903
2015.850902 -89.080022 -86.489171
2015.872919 -88.468006 -86.498965
2015.889346 -88.055919 -86.506307
2015.917922 -87.482068 -86.519139
2015.934349 -87.229709 -86.526545
2015.948039 -87.068224 -86.532736
2015.967432 -86.870433 -86.541521
2016.241959 -86.572759 -86.664715
2016.259127 -86.733067 -86.672111
2016.273615 -86.818305 -86.678310
2016.292209 -86.853676 -86.686209
2016.311146 -86.787285 -86.694184
2016.331110 -86.600061 -86.702508
2016.354096 -86.245799 -86.711983
2016.373033 -85.874162 -86.719701
2016.391627 -85.458434 -86.727202
2016.413530 -84.944605 -86.735953
2016.431155 -84.534450 -86.742918
2016.444730 -84.231239 -86.748247
2016.466747 -83.790501 -86.756812
2016.486711 -83.468006 -86.764507
2016.506275 -83.249977 -86.771988
2016.523273 -83.181787 -86.778434
2016.545290 -83.251502 -86.786732
2016.563770 -83.486709 -86.793655
2016.584247 -83.929614 -86.801288
2016.600902 -84.429607 -86.807474
2016.620409 -85.160273 -86.814704
2016.639232 -85.983218 -86.821672
2016.658853 -86.921152 -86.828927
2016.673056 -87.605620 -86.834190
2016.694616 -88.588670 -86.842187
2016.717546 -89.477971 -86.850724
2016.733859 -89.959070 -86.856828
2016.753537 -90.351990 -86.864231
2016.772588 -90.523070 -86.871450
2016.791981 -90.490706 -86.878856
2016.811146 -90.274309 -86.886242
2016.833163 -89.882159 -86.894821
2016.845540 -89.622438 -86.899704
2016.867101 -89.169645 -86.908280
2016.886380 -88.797842 -86.916050
2016.905545 -88.490949 -86.923875
2016.925908 -88.252791 -86.932304
2016.945529 -88.104681 -86.940541
2016.964694 -88.024080 -86.948711
2016.989106 -87.964105 -86.959285
2017.000286 -87.938246 -86.964209
2017.017683 -87.888267 -86.971926
2017.039357 -87.798384 -86.981681
2017.056241 -87.706473 -86.989374
2017.078144 -87.562766 -86.999503
2017.093031 -87.461926 -87.006483
2017.117786 -87.314991 -87.018203
2017.152579 -87.209779 -87.035001
2017.178531 -87.206862 -87.047718
2017.200548 -87.235174 -87.058622
2017.214123 -87.250271 -87.065393
2017.238764 -87.243531 -87.077763
2017.253423 -87.207688 -87.085156
2017.270307 -87.112742 -87.093706
2017.291639 -86.908410 -87.104536
2017.311032 -86.641984 -87.114394
2017.331452 -86.296662 -87.124772
2017.350674 -85.928854 -87.134521
2017.369839 -85.543362 -87.144209
2017.388889 -85.162120 -87.153791
2017.408169 -84.797285 -87.163421
2017.426136 -84.488500 -87.172329
2017.444958 -84.221542 -87.181551
2017.476102 -83.908290 -87.196562
2017.494126 -83.806303 -87.205092
2017.512892 -83.782387 -87.213816
2017.526695 -83.839242 -87.220100
2017.542095 -83.951417 -87.227025
2017.561146 -84.191265 -87.235415
2017.587555 -84.743226 -87.246653
2017.609458 -85.368966 -87.255640
2017.625543 -85.907674 -87.262054
2017.641399 -86.506487 -87.268153
2017.658853 -87.193625 -87.274642
2017.678760 -87.971016 -87.281761
2017.695529 -88.584564 -87.287514
2017.711614 -89.119178 -87.292838
2017.730779 -89.604904 -87.298821
2017.746978 -89.874900 -87.303604
2017.768025 -90.056505 -87.309493
2017.797685 -89.992174 -87.317132
2017.808636 -89.866042 -87.319678
2017.827687 -89.603993 -87.323920
2017.847936 -89.269624 -87.328043
2017.864477 -88.987717 -87.331151
2017.883642 -88.700339 -87.334344
2017.902807 -88.474976 -87.337197
2017.923398 -88.308273 -87.339884
2017.945073 -88.210630 -87.342291
2017.969827 -88.164877 -87.344532
2017.986254 -88.150405 -87.345698
2018.003765 -88.130763 -87.346711
2018.015173 -88.112576 -87.347252
2018.039357 -88.043937 -87.348033
2018.056241 -87.975287 -87.348279
2018.074949 -87.897848 -87.348345
2018.111739 -87.798912 -87.347846
2018.134099 -87.816699 -87.347166
2018.150069 -87.868509 -87.346552
2018.176364 -88.041156 -87.345267
2018.192791 -88.174206 -87.344360
2018.214238 -88.347037 -87.343053
2018.230893 -88.445386 -87.341973
2018.270535 -88.461209 -87.339324
2018.289243 -88.325705 -87.338077
2018.306241 -88.122431 -87.336973
2018.327573 -87.753189 -87.335672
2018.347936 -87.315435 -87.334549
2018.367101 -86.852790 -87.333634
2018.383642 -86.441090 -87.332999
2018.405431 -85.911372 -87.332363
2018.428189 -85.403023 -87.332013
2018.442221 -85.127229 -87.331989
2018.461386 -84.801793 -87.332190
2018.480550 -84.547940 -87.332698
2018.500571 -84.371872 -87.333598
2018.520649 -84.305716 -87.334943
2018.539243 -84.351799 -87.336606
2018.558522 -84.508322 -87.338746
2018.575064 -84.735113 -87.340943
2018.595198 -85.123784 -87.344084
2018.616987 -85.675236 -87.348115
2018.633528 -86.159241 -87.351580
2018.656116 -86.885303 -87.357050
2018.672941 -87.430545 -87.361631
2018.689483 -87.925807 -87.366625
2018.705910 -88.360037 -87.371979
2018.727813 -88.807628 -87.379816
2018.746978 -89.052691 -87.387326
2018.765059 -89.153959 -87.394967
2018.783996 -89.117121 -87.403624
2018.803389 -88.962805 -87.413211
2018.822097 -88.755341 -87.423095
2018.842460 -88.514077 -87.434551
2018.859458 -88.335703 -87.444687
2018.880904 -88.178025 -87.458225
2018.900069 -88.120629 -87.471010
2018.920432 -88.152303 -87.485331
2018.939597 -88.251817 -87.499469
2018.961500 -88.413703 -87.516476
2018.977927 -88.532212 -87.529838
2018.994354 -88.619991 -87.543649
2019.014717 -88.670453 -87.561364
2019.033882 -88.641434 -87.578659
2019.053503 -88.532531 -87.596978
2019.072212 -88.365768 -87.614992
2019.087441 -88.194106 -87.630114
2019.109001 -87.940175 -87.652070
2019.128166 -87.730406 -87.672160
2019.147331 -87.557828 -87.692743
2019.173626 -87.399742 -87.721740
2019.190053 -87.350429 -87.740309
2019.211500 -87.324147 -87.765004
2019.233288 -87.318436 -87.790604
2019.249830 -87.310592 -87.810339
2019.267340 -87.287241 -87.831497
2019.286505 -87.222502 -87.855023
2019.308066 -87.107597 -87.881812
2019.324835 -86.989570 -87.902892
2019.345655 -86.826716 -87.929290
2019.364363 -86.678783 -87.953217
2019.385923 -86.526808 -87.980997
2019.406458 -86.418378 -88.007622
2019.422713 -86.362069 -88.028785
2019.440510 -86.344392 -88.052043
2019.462527 -86.381714 -88.080890
2019.477584 -86.451341 -88.100643
2019.497092 -86.583628 -88.126242
2019.517340 -86.781959 -88.152796
2019.536734 -87.035409 -88.178188
2019.555670 -87.347867 -88.202922
2019.574607 -87.729344 -88.227575
2019.592460 -88.164448 -88.250696
2019.608887 -88.611398 -88.271871
2019.630676 -89.248609 -88.299798
2019.649727 -89.819918 -88.324030
2019.667580 -90.334254 -88.346575
2019.686517 -90.820400 -88.370299
2019.706138 -91.213189 -88.394654
2019.725531 -91.430521 -88.418462
2019.744126 -91.463827 -88.441041
2019.764602 -91.314193 -88.465631
2019.803047 -90.566880 -88.510957
2019.822212 -90.049460 -88.533130
2019.839836 -89.544160 -88.553276
2019.859001 -89.010677 -88.574897
2019.880904 -88.493717 -88.599215
2019.895050 -88.250043 -88.614666
2019.917694 -87.966921 -88.639123
2019.937087 -87.852812 -88.659727
2020.077687 -88.324214 -88.800457
2020.092574 -88.385564 -88.814507
2020.108887 -88.467381 -88.829780
2020.125428 -88.570565 -88.845126
2020.144822 -88.728760 -88.862927
2020.167922 -88.968029 -88.883866
2020.189825 -89.218195 -88.903512
2020.205910 -89.394558 -88.917816
2020.227927 -89.589065 -88.937274
2020.244354 -89.668839 -88.951698
2020.261865 -89.685932 -88.967018
2020.306812 -89.324721 -89.006154
2020.322554 -89.075625 -89.019838
2020.339494 -88.743036 -89.034574
2020.368242 -88.098923 -89.059662
2020.383414 -87.747718 -89.072954
2020.399613 -87.392189 -89.087229
2020.425565 -86.882156 -89.110250
2020.436517 -86.708496 -89.120058
2020.458419 -86.429065 -89.139816
2020.480208 -86.267734 -89.159716
2020.500685 -86.233018 -89.178672
2020.522474 -86.335771 -89.199156
2020.663644 -90.417950 -89.341936
2020.775782 -92.707350 -89.471632
2020.808636 -92.331107 -89.512943
2020.822212 -92.096928 -89.530408
2020.837099 -91.807950 -89.550006
2020.969713 -90.620189 -89.739012
2021.006503 -90.624057 -89.796242
2021.025896 -90.570772 -89.827203
2021.083163 -90.126120 -89.921832
2021.100788 -89.953455 -89.951902
2021.122691 -89.764454 -89.989792
2021.139118 -89.659868 -90.018604
2021.158283 -89.586337 -90.052605
2021.181612 -89.574962 -90.094570
2021.200548 -89.611438 -90.129031
2021.222908 -89.682014 -90.170188
2021.239106 -89.731451 -90.200251
2021.256389 -89.752835 -90.232613
2021.278634 -89.723625 -90.274542
2021.297343 -89.631007 -90.310050
2021.316622 -89.473538 -90.346820
2021.334703 -89.275152 -90.381442
2021.353412 -89.029261 -90.417375
2021.375771 -88.702902 -90.460419
2021.394365 -88.426899 -90.496246
2021.413644 -88.157585 -90.533386
2021.434692 -87.902679 -90.573867
2021.448724 -87.768692 -90.600777
2021.469599 -87.619846 -90.640688
2021.492187 -87.553310 -90.683630
2021.509013 -87.577943 -90.715420
2021.528292 -87.699228 -90.751591
2021.566279 -88.295893 -90.821861
2021.584361 -88.770375 -90.854738
2021.601359 -89.313839 -90.885292
2021.620295 -90.015825 -90.918902
2021.644593 -91.031160 -90.961252
2021.660906 -91.740100 -90.989204
2021.678531 -92.498958 -91.018935
2021.700891 -93.358407 -91.055780
2021.716975 -93.849853 -91.081641
2021.764260 -94.589651 -91.154868
2021.780801 -94.538417 -91.179254
2021.797343 -94.374625 -91.203083
2021.830311 -93.775744 -91.248798
2021.853526 -93.235388 -91.279358
2021.872691 -92.800082 -91.303471
2021.894822 -92.363485 -91.330222
2021.908511 -92.153096 -91.346033
2021.925908 -91.934444 -91.365552
2021.947810 -91.753174 -91.388940
2021.967090 -91.657306 -91.408500
2021.986369 -91.600437 -91.427070
2022.006503 -91.558418 -91.445340
2022.022930 -91.522640 -91.459305
2022.039586 -91.483225 -91.472801
2022.061488 -91.432734 -91.489457
2022.080425 -91.404249 -91.502848
2022.098164 -91.403877 -91.514586
2022.130904 -91.533442 -91.533960
2022.153264 -91.728126 -91.545701
2022.178874 -92.042921 -91.557718
2022.203400 -92.394052 -91.567815
2022.219713 -92.615088 -91.573672
2022.244468 -92.885333 -91.581662
2022.253651 -92.946433 -91.584280
2022.272816 -93.011938 -91.589304
2022.297228 -92.913398 -91.594673
2022.370295 -91.621049 -91.605247
2022.389232 -91.143595 -91.606873
2022.408397 -90.650868 -91.608152
2022.425793 -90.212679 -91.609048
2022.444958 -89.760913 -91.609760
2022.464352 -89.360675 -91.610232
2022.483745 -89.027261 -91.610550
2022.506846 -88.730880 -91.610803
2022.523044 -88.611744 -91.610945
2022.543008 -88.563186 -91.611137
2022.561831 -88.631657 -91.611385
2022.580996 -88.821772 -91.611756
2022.597936 -89.089290 -91.612222
2022.619839 -89.576442 -91.613110
2022.636722 -90.037717 -91.614087
2022.656458 -90.617790 -91.615538
2022.673056 -91.114234 -91.617072
2022.692677 -91.673874 -91.619293
2022.714238 -92.198972 -91.622328
2022.730779 -92.523214 -91.625047
2022.750913 -92.765634 -91.629027
2022.769964 -92.855670 -91.633450
2022.789357 -92.837138 -91.638605
2022.813770 -92.707543 -91.646056
2022.827916 -92.607401 -91.650981
2022.845312 -92.490528 -91.657521
2022.864477 -92.400627 -91.665470
2022.883642 -92.382160 -91.674226
2022.911477 -92.528976 -91.688629
2022.926022 -92.661152 -91.696756
2022.942563 -92.856238 -91.706784
2023.058751 -93.437214 -91.795650
2023.074949 -93.275630 -91.810849
2023.095312 -93.036559 -91.830762
2023.111968 -92.827906 -91.847805
2023.131361 -92.594980 -91.868469
2023.150069 -92.401188 -91.889227
2023.176022 -92.214280 -91.919495
2023.195529 -92.125135 -91.943187
2023.214123 -92.070631 -91.966522
2023.233402 -92.026256 -91.991541
2023.250913 -91.971145 -92.015009
2023.270078 -91.879479 -92.041330
2023.289129 -91.744675 -92.068168
2023.308408 -91.560193 -92.095979
2023.327573 -91.332829 -92.124244
2023.348507 -91.046512 -92.155806
2023.367786 -90.766718 -92.185434
2023.389004 -90.463870 -92.218661
2023.406001 -90.242897 -92.245728
2023.428531 -89.991846 -92.282078
2023.444730 -89.854642 -92.308572
2023.464123 -89.736165 -92.340578
2023.483174 -89.677757 -92.372317
2023.503537 -89.688222 -92.406534
2023.520535 -89.755055 -92.435280
2023.539814 -89.922516 -92.468064
2023.558408 -90.183099 -92.499823
2023.580539 -90.611257 -92.537737
2023.595426 -90.981602 -92.563286
2023.614477 -91.528485 -92.595998
2023.652807 -92.820060 -92.661747
2023.670432 -93.439272 -92.691880
2023.689597 -94.063858 -92.724532
2023.708762 -94.597644 -92.757027
2023.728041 -95.008843 -92.789536
2023.767569 -95.378634 -92.855512
2023.806013 -95.175280 -92.918628
2023.822212 -94.975748 -92.944832
2023.842688 -94.704882 -92.979980
