# x_interp smoothed_curve trend
1995.171560 -75.161489 -78.880545
1995.275550 -76.885323 -78.755539
1995.357750 -78.191158 -78.655371
1995.450900 -79.345979 -78.534100
1995.596100 -80.223091 -78.335587
1995.782520 -79.955401 -78.061943
1995.851010 -79.706242 -77.958217
1995.941420 -78.077809 -77.818810
1996.091850 -75.675728 -77.588539
1996.619060 -78.253961 -76.857718
1996.960710 -76.669728 -76.428802
1997.089370 -74.303532 -76.265165
1997.286510 -74.734454 -76.014467
1998.059230 -73.616868 -75.432454
1998.127720 -73.287169 -75.431650
1998.209910 -74.051249 -75.448570
1998.316650 -75.035701 -75.479669
1998.368700 -75.508888 -75.502806
1998.478290 -76.501448 -75.555582
1998.541310 -77.065760 -75.592983
1998.664590 -77.539216 -75.669415
1998.782400 -76.781491 -75.748730
1998.886630 -75.663546 -75.822763
1999.094850 -74.607408 -75.975266
1999.138680 -74.565449 -76.007838
1999.212650 -74.690137 -76.063312
1999.302950 -74.851543 -76.131057
1999.382400 -75.782729 -76.187604
1999.450900 -76.695794 -76.235931
1999.533090 -77.418365 -76.287405
1999.628980 -77.926756 -76.341616
1999.881150 -76.756705 -76.405945
1999.955120 -76.181689 -76.399372
2000.053600 -75.426648 -76.367983
2000.220270 -74.726315 -76.256943
2000.392290 -75.706149 -76.069882
2000.564420 -76.888549 -75.828841
2000.788460 -77.270348 -75.479488
2000.892400 -76.220981 -75.317820
2001.081150 -72.923020 -75.041491
2001.171560 -72.648616 -74.917389
2001.357750 -73.686100 -74.670921
2001.505690 -75.081065 -74.473235
2001.686510 -76.175700 -74.217475
2001.864710 -75.487655 -73.949352
2002.042790 -73.477284 -73.686089
2002.171560 -71.802399 -73.525639
2002.344050 -71.604374 -73.376802
2002.524870 -73.782849 -73.342103
2002.691990 -74.901938 -73.437053
2002.861970 -74.509430 -73.641384
2003.042790 -73.088071 -73.925785
2003.207170 -72.283354 -74.176280
2003.289250 -72.308918 -74.289799
2003.445420 -75.854062 -74.411786
2003.582400 -75.407886 -74.406390
2003.700210 -75.132470 -74.328195
2003.851010 -75.309884 -74.138120
2003.957860 -75.746060 -73.951954
2004.039940 -74.474580 -73.784459
2004.195680 -71.628066 -73.454724
2004.367700 -70.344741 -73.102506
2004.548020 -72.524707 -72.787250
2004.684640 -74.956276 -72.586673
2004.859610 -74.967232 -72.367041
2005.012650 -71.587685 -72.174548
2006.333090 -68.084332 -69.307020
2006.527610 -69.971225 -69.358016
2006.620760 -70.950740 -69.475428
2006.804320 -71.320822 -69.826638
2006.955120 -69.469574 -70.188910
2006.971560 -69.257318 -70.230701
2007.135940 -68.557365 -70.633260
2007.294730 -70.486936 -70.965635
2007.439940 -71.833283 -71.187070
2007.675550 -73.048168 -71.296210
2007.809800 -72.902613 -71.252638
2007.960600 -71.184632 -71.119517
2008.105520 -68.507977 -70.932341
2008.304860 -68.376163 -70.639122
2008.493380 -71.184492 -70.369015
2008.687370 -71.649381 -70.127976
2008.859610 -71.944687 -69.952304
2008.993490 -70.238423 -69.839217
2009.048270 -69.195540 -69.803543
2009.209910 -67.596727 -69.711302
2009.401580 -68.801566 -69.649544
2009.565960 -69.852039 -69.641655
2009.716650 -71.063341 -69.673288
2009.861970 -72.005580 -69.737410
2010.048270 -69.340468 -69.860779
2010.198960 -67.370579 -69.972962
2010.390620 -69.232237 -70.094364
2010.568700 -71.289354 -70.151696
2010.746790 -71.884928 -70.128752
2010.935940 -70.294098 -70.009624
2011.092110 -68.463114 -69.856243
2011.283770 -68.478975 -69.638684
2011.497470 -70.145257 -69.438399
2011.661850 -70.739132 -69.367735
2011.809800 -70.209347 -69.386446
2012.009890 -68.595745 -69.537989
2012.154700 -67.907873 -69.711824
2012.252940 -67.822532 -69.845837
2012.436000 -70.541578 -70.082399
2012.627260 -71.906833 -70.228161
2012.815780 -71.694580 -70.215295
2012.985300 -70.067326 -70.060805
2013.155120 -67.905256 -69.787998
2013.267330 -68.231310 -69.564603
2013.453640 -69.110871 -69.182654
2013.609800 -69.812221 -68.912293
2013.823610 -70.532397 -68.691152
2013.960600 -67.824610 -68.684972
2014.155120 -66.751877 -68.842979
2014.275550 -68.212441 -69.058181
2014.426240 -69.820926 -69.391809
2014.656380 -71.842200 -70.008437
2014.752270 -71.686081 -70.279875
2014.977040 -69.571658 -70.888489
2015.166080 -69.579615 -71.316815
2015.308430 -71.278816 -71.556471
2015.489250 -72.532585 -71.759015
2015.637200 -73.002343 -71.829611
2015.804320 -73.065652 -71.820109
2015.982520 -71.486175 -71.722437
2016.141030 -69.763904 -71.583387
2016.318520 -70.038788 -71.400596
2016.485180 -71.611645 -71.232806
2016.649120 -72.627865 -71.095782
2016.823980 -72.557268 -70.999810
2016.996230 -70.758181 -70.965813
2017.166080 -69.014278 -70.990618
2017.357750 -69.913393 -71.076591
2017.527610 -71.669194 -71.186540
2017.697470 -73.195795 -71.310548
2017.872930 -73.069124 -71.437803
2018.034570 -70.563623 -71.545126
2018.193480 -69.022672 -71.638151
2018.365960 -71.004659 -71.725511
2018.530350 -73.300585 -71.798386
2018.681030 -73.773366 -71.858164
2018.842790 -73.066471 -71.914625
2019.029090 -70.208778 -71.966111
2019.168820 -69.033087 -71.994338
2019.344050 -72.357018 -72.011544
2019.563220 -73.047132 -72.011676
2019.755010 -74.021141 -72.008252
2019.875670 -74.014751 -72.011340
2020.023550 -70.298194 -72.029744
2021.185260 -71.671751 -73.143715
2021.415280 -72.126376 -73.591579
2021.612540 -75.010601 -74.060888
2021.724870 -76.162221 -74.355190
2021.867450 -75.211542 -74.749171
2022.009910 -74.705883 -75.148352
2022.141420 -75.150587 -75.509171
2022.291990 -75.961420 -75.896106
2022.437200 -74.896928 -76.225643
2022.585140 -76.046799 -76.497226
2022.760480 -79.208982 -76.749226
2022.988000 -77.049706 -76.979841
