# x_interp smoothed_curve trend
2012.713110 -86.965130 -85.665019
2012.732240 -87.243964 -85.660534
2012.740440 -87.324253 -85.658032
2012.751370 -87.430964 -85.654693
2012.759560 -87.475858 -85.651612
2012.770490 -87.535215 -85.647490
2012.778690 -87.551899 -85.643817
2012.797810 -87.570776 -85.634649
2012.808740 -87.566603 -85.628947
2012.827870 -87.536837 -85.617606
2012.846990 -87.503615 -85.604891
2012.866120 -87.480857 -85.590803
2012.885250 -87.475194 -85.575361
2012.904370 -87.485547 -85.558590
2012.923500 -87.504300 -85.540495
2012.942620 -87.519622 -85.521125
2012.961750 -87.518537 -85.500482
2012.980870 -87.490017 -85.478630
2013.000000 -87.427499 -85.455586
2013.038360 -87.203441 -85.405988
2013.057530 -87.057898 -85.379612
2013.076710 -86.906229 -85.352227
2013.095890 -86.761060 -85.323918
2013.115070 -86.631746 -85.294741
2013.134250 -86.522263 -85.264767
2013.172600 -86.346441 -85.202725
2013.191780 -86.257561 -85.170787
2013.210960 -86.147335 -85.138350
2013.230140 -85.999941 -85.105493
2013.249320 -85.802638 -85.072301
2013.268490 -85.548018 -85.038872
2013.287670 -85.234709 -85.005261
2013.306850 -84.868191 -84.971572
2013.326030 -84.459492 -84.937893
2013.345210 -84.023730 -84.904310
2013.383560 -83.141068 -84.837822
2013.402740 -82.728561 -84.805071
2013.421920 -82.356093 -84.772778
2013.441100 -82.036798 -84.741026
2013.460270 -81.782088 -84.709920
2013.498630 -81.502683 -84.649899
2013.517810 -81.492368 -84.621167
2013.536990 -81.573807 -84.593392
2013.556160 -81.746530 -84.566661
2013.575340 -82.005286 -84.541023
2013.594520 -82.338719 -84.516564
2013.610960 -82.673201 -84.496658
2013.632880 -83.154136 -84.471446
2013.652050 -83.586101 -84.450917
2013.690410 -84.362659 -84.414168
2013.709590 -84.660126 -84.398057
2013.728770 -84.877121 -84.383515
2013.747950 -85.010239 -84.370580
2013.767120 -85.065920 -84.359296
2013.786300 -85.059405 -84.349678
2013.805480 -85.011967 -84.341761
2013.863010 -84.857823 -84.328389
2013.882190 -84.863608 -84.327432
2013.901370 -84.912201 -84.328232
2013.920550 -85.001128 -84.330789
2013.939730 -85.122261 -84.335094
2013.958900 -85.264224 -84.341137
2013.980820 -85.436990 -84.350200
2013.997260 -85.566088 -84.358380
2014.016440 -85.710012 -84.369536
2014.035620 -85.845024 -84.382348
2014.054790 -85.972126 -84.396779
2014.073970 -86.094078 -84.412805
2014.093150 -86.212819 -84.430389
2014.112330 -86.327577 -84.449487
2014.131510 -86.433270 -84.470052
2014.150680 -86.519911 -84.492036
2014.169860 -86.573400 -84.515403
2014.189040 -86.576965 -84.540104
2014.208220 -86.513857 -84.566083
2014.227400 -86.370115 -84.593283
2014.246580 -86.137149 -84.621654
2014.265750 -85.813738 -84.651126
2014.304110 -84.928766 -84.713219
2014.323290 -84.401852 -84.745712
2014.342470 -83.849777 -84.779092
2014.361640 -83.298736 -84.813286
2014.380820 -82.773331 -84.848273
2014.400000 -82.296570 -84.883978
2014.419180 -81.887682 -84.920350
2014.438360 -81.562103 -84.957334
2014.476710 -81.205546 -85.032904
2014.495890 -81.189676 -85.071416
2014.515070 -81.288110 -85.110335
2014.534250 -81.501910 -85.149618
2014.553420 -81.828368 -85.189207
2014.572600 -82.260648 -85.229095
2014.591780 -82.786075 -85.269228
2014.610960 -83.386274 -85.309564
2014.630140 -84.037492 -85.350073
2014.649320 -84.711962 -85.390721
2014.668490 -85.379791 -85.431461
2014.687670 -86.013204 -85.472304
2014.706850 -86.587404 -85.513209
2014.715070 -86.802284 -85.530754
2014.726030 -87.084572 -85.554148
2014.745210 -87.495257 -85.595108
2014.764380 -87.818661 -85.636048
2014.783560 -88.062469 -85.676994
2014.802740 -88.239598 -85.717918
2014.821920 -88.366023 -85.758803
2014.841100 -88.457336 -85.799648
2014.860270 -88.525783 -85.840420
2014.879450 -88.578428 -85.881160
2014.895890 -88.610873 -85.916031
2014.923290 -88.632917 -85.974061
2014.936990 -88.625850 -86.003036
2014.956160 -88.581123 -86.043522
2014.975340 -88.493670 -86.083976
2014.994520 -88.361152 -86.124377
2015.013700 -88.187072 -86.164733
2015.032880 -87.980917 -86.205044
2015.052050 -87.757070 -86.245293
2015.071230 -87.532045 -86.285533
2015.090410 -87.322196 -86.325739
2015.115070 -87.097277 -86.377395
2015.134250 -86.960113 -86.417546
2015.153420 -86.855514 -86.457659
2015.172600 -86.773991 -86.497775
2015.191780 -86.700877 -86.537875
2015.210960 -86.618645 -86.577960
2015.230140 -86.509966 -86.618027
2015.249320 -86.360580 -86.658075
2015.268490 -86.161688 -86.698078
2015.287670 -85.910769 -86.738071
2015.306850 -85.612449 -86.778025
2015.326030 -85.277275 -86.817932
2015.345210 -84.920268 -86.857779
2015.367120 -84.508680 -86.903205
2015.383560 -84.212183 -86.937219
2015.402740 -83.897048 -86.976801
2015.421920 -83.630011 -87.016257
2015.441100 -83.425358 -87.055568
2015.473970 -83.247583 -87.122543
2015.493150 -83.269206 -87.161335
2015.512330 -83.390471 -87.199887
2015.531510 -83.616201 -87.238165
2015.556160 -84.067988 -87.286882
2015.575340 -84.527303 -87.324417
2015.594520 -85.073689 -87.361563
2015.608220 -85.504061 -87.387873
2015.627400 -86.155766 -87.424282
2015.646580 -86.831955 -87.460207
2015.665750 -87.501959 -87.495591
2015.684930 -88.136570 -87.530431
2015.704110 -88.709122 -87.564667
2015.723290 -89.199809 -87.598256
2015.742470 -89.597383 -87.631164
2015.761640 -89.899770 -87.663330
2015.780820 -90.114116 -87.694747
2015.800000 -90.253751 -87.725360
2015.819180 -90.336023 -87.755132
2015.838360 -90.378739 -87.784019
2015.857530 -90.397040 -87.811977
2015.876710 -90.401092 -87.838998
2015.895890 -90.394914 -87.865034
2015.915070 -90.376732 -87.890050
2015.934250 -90.340518 -87.914017
2015.953420 -90.278473 -87.936900
2015.972600 -90.183667 -87.958692
2015.994520 -90.030215 -87.982191
2016.010930 -89.887327 -87.998860
2016.049180 -89.486345 -88.034332
2016.068310 -89.276063 -88.050310
2016.087430 -89.078072 -88.065094
2016.106560 -88.903328 -88.078697
2016.125680 -88.758121 -88.091101
2016.144810 -88.642039 -88.102328
2016.163930 -88.548555 -88.112364
2016.183060 -88.465710 -88.121236
2016.202190 -88.378705 -88.128945
2016.221310 -88.272534 -88.135513
2016.240440 -88.134621 -88.140961
2016.259560 -87.957510 -88.145307
2016.278690 -87.739694 -88.148586
2016.297810 -87.486522 -88.150822
2016.316940 -87.208523 -88.152054
2016.336070 -86.920509 -88.152315
2016.355190 -86.639087 -88.151649
2016.374320 -86.379978 -88.150097
2016.393440 -86.157273 -88.147704
2016.412570 -85.981239 -88.144518
2016.431690 -85.858930 -88.140596
2016.439890 -85.827581 -88.138659
2016.450820 -85.793697 -88.135983
2016.469950 -85.786506 -88.130736
2016.489070 -85.836405 -88.124916
2016.508200 -85.941315 -88.118578
2016.527320 -86.098079 -88.111789
2016.546450 -86.302571 -88.104599
2016.565570 -86.548577 -88.097071
2016.584700 -86.827933 -88.089273
2016.606560 -87.172765 -88.080121
2016.642080 -87.740182 -88.064887
2016.661200 -88.017649 -88.056638
2016.680330 -88.256644 -88.048425
2016.707650 -88.508519 -88.036894
2016.718580 -88.581290 -88.032365
2016.737700 -88.663814 -88.024638
2016.756830 -88.702673 -88.017182
2016.775960 -88.712541 -88.010055
2016.795080 -88.711787 -88.003312
2016.814210 -88.719358 -87.996998
2016.833330 -88.751471 -87.991165
2016.871580 -88.923965 -87.981098
2016.890710 -89.061827 -87.976946
2016.909840 -89.219280 -87.973423
2016.926230 -89.355325 -87.970959
2016.948090 -89.517513 -87.968401
2016.967210 -89.618930 -87.966951
2016.986340 -89.668122 -87.966236
2017.005480 -89.657999 -87.966261
2017.024660 -89.589614 -87.967051
2017.043840 -89.471975 -87.968608
2017.063010 -89.320224 -87.970937
2017.082190 -89.152261 -87.974037
2017.101370 -88.985810 -87.977899
2017.120550 -88.834947 -87.982513
2017.142470 -88.690251 -87.988655
2017.158900 -88.605258 -87.993940
2017.178080 -88.521336 -88.000711
2017.197260 -88.444653 -88.008154
2017.216440 -88.360762 -88.016239
2017.235620 -88.254981 -88.024928
2017.254790 -88.115140 -88.034180
2017.273970 -87.933317 -88.043963
2017.293150 -87.707332 -88.054230
2017.312330 -87.440579 -88.064934
2017.331510 -87.141271 -88.076024
2017.350680 -86.821211 -88.087441
2017.369860 -86.493509 -88.099140
2017.389040 -86.172143 -88.111061
2017.408220 -85.870294 -88.123143
2017.427400 -85.600051 -88.135325
2017.446580 -85.372422 -88.147547
2017.465750 -85.197706 -88.159740
2017.484930 -85.085402 -88.171850
2017.504110 -85.044817 -88.183809
2017.523290 -85.084178 -88.195550
2017.542470 -85.209810 -88.207009
2017.561640 -85.424755 -88.218117
2017.580820 -85.727875 -88.228821
2017.600000 -86.112270 -88.239053
2017.619180 -86.565245 -88.248751
2017.638360 -87.068760 -88.257855
2017.657530 -87.600597 -88.266301
2017.676710 -88.137704 -88.274041
2017.698630 -88.730815 -88.281994
2017.715070 -89.139931 -88.287175
2017.734250 -89.572497 -88.292468
2017.753420 -89.947854 -88.296845
2017.772600 -90.266075 -88.300269
2017.791780 -90.531725 -88.302694
2017.810960 -90.752417 -88.304081
2017.830140 -90.935834 -88.304404
2017.849320 -91.087068 -88.303624
2017.868490 -91.206652 -88.301716
2017.887670 -91.290048 -88.298661
2017.906850 -91.327818 -88.294440
2017.926030 -91.307816 -88.289037
2017.945210 -91.217940 -88.282437
2017.964380 -91.049464 -88.274644
2017.983560 -90.799597 -88.265647
2018.002740 -90.473934 -88.255447
2018.021920 -90.086837 -88.244053
2018.041100 -89.660521 -88.231476
2018.060270 -89.222849 -88.217736
2018.079450 -88.802898 -88.202832
2018.098630 -88.428398 -88.186799
2018.117810 -88.121035 -88.169661
2018.136990 -87.893813 -88.151446
2018.156160 -87.749588 -88.132196
2018.175340 -87.680796 -88.111930
2018.194520 -87.671499 -88.090696
2018.213700 -87.699672 -88.068537
2018.232880 -87.740626 -88.045499
2018.252050 -87.770366 -88.021640
2018.271230 -87.768544 -87.996988
2018.290410 -87.720333 -87.971608
2018.309590 -87.617467 -87.945552
2018.328770 -87.458175 -87.918882
2018.347950 -87.246343 -87.891655
2018.367120 -86.990398 -87.863946
2018.386300 -86.701436 -87.835789
2018.405480 -86.392866 -87.807260
2018.424660 -86.079135 -87.778419
2018.443840 -85.775405 -87.749336
2018.463010 -85.497425 -87.720087
2018.482190 -85.260645 -87.690707
2018.501370 -85.080577 -87.661277
2018.520550 -84.971220 -87.631860
2018.539730 -84.943877 -87.602520
2018.558900 -85.005550 -87.573334
2018.616440 -85.703268 -87.487190
2018.635620 -86.065258 -87.459159
2018.654790 -86.456410 -87.431574
2018.673970 -86.851472 -87.404472
2018.693150 -87.225709 -87.377914
2018.712330 -87.558840 -87.351948
2018.731510 -87.837363 -87.326625
2018.750680 -88.055895 -87.302006
2018.769860 -88.217730 -87.278111
2018.789040 -88.332758 -87.254987
2018.808220 -88.415534 -87.232677
2018.827400 -88.481926 -87.211215
2018.846580 -88.545837 -87.190639
2018.854790 -88.575207 -87.182126
2018.865750 -88.616427 -87.170986
2018.904110 -88.782537 -87.134502
2018.909590 -88.806797 -87.129580
2018.923290 -88.864981 -87.117732
2018.928770 -88.886382 -87.113097
2018.945210 -88.940513 -87.099751
2018.950680 -88.950958 -87.095560
2018.961640 -88.969379 -87.087245
2018.967120 -88.974490 -87.083194
2018.980820 -88.968794 -87.073546
2018.983560 -88.967654 -87.071617
2019.000000 -88.924909 -87.060900
2019.002740 -88.917486 -87.059121
2019.019180 -88.839305 -87.049316
2019.021920 -88.825995 -87.047689
2019.038360 -88.719808 -87.038799
2019.041100 -88.701892 -87.037324
2019.057530 -88.579103 -87.029352
2019.060270 -88.558498 -87.028029
2019.076710 -88.431934 -87.020974
2019.079450 -88.410816 -87.019806
2019.095890 -88.292485 -87.013666
2019.098630 -88.272833 -87.012650
2019.115070 -88.171179 -87.007427
2019.117810 -88.154372 -87.006564
2019.134250 -88.072509 -87.002254
2019.136990 -88.059022 -87.001543
2019.153420 -87.993970 -86.998141
2019.156160 -87.983252 -86.997580
2019.172600 -87.926174 -86.995072
2019.178080 -87.906600 -86.994356
2019.194520 -87.844262 -86.992777
2019.210960 -87.762197 -86.992034
2019.219180 -87.710650 -86.991932
2019.230140 -87.631915 -86.992042
2019.235620 -87.587036 -86.992199
2019.254790 -87.389269 -86.993483
2019.268490 -87.208864 -86.995028
2019.271230 -87.172782 -86.995337
2019.287670 -86.906638 -86.997976
2019.312330 -86.440450 -87.003128
2019.326030 -86.149470 -87.006695
2019.331510 -86.030769 -87.008213
2019.345210 -85.723655 -87.012422
2019.353420 -85.539017 -87.015161
2019.364380 -85.291937 -87.019033
2019.367120 -85.230167 -87.020002
2019.383560 -84.874402 -87.026515
2019.391780 -84.706148 -87.029995
2019.402740 -84.491064 -87.034841
2019.410960 -84.343323 -87.038675
2019.430140 -84.039617 -87.048170
2019.460270 -83.714165 -87.064665
2019.498630 -83.632316 -87.088375
2019.517810 -83.746426 -87.101317
2019.536990 -83.967330 -87.114950
2019.556160 -84.291957 -87.129251
2019.575340 -84.712175 -87.144217
2019.594520 -85.213224 -87.159813
2019.632880 -86.369417 -87.192840
2019.654790 -87.054442 -87.212721
2019.671230 -87.543020 -87.228176
2019.690410 -88.064181 -87.246674
2019.715070 -88.624319 -87.271223
2019.728770 -88.867550 -87.285249
2019.736990 -88.990564 -87.293788
2019.747950 -89.131713 -87.305296
2019.767120 -89.308179 -87.325819
2019.786300 -89.410929 -87.346828
2019.805480 -89.459269 -87.368302
2019.824660 -89.474849 -87.390225
2019.863010 -89.484159 -87.435371
2019.882190 -89.502554 -87.458586
2019.901370 -89.534666 -87.482210
2019.920550 -89.575376 -87.506239
2019.939730 -89.614877 -87.530665
2019.958900 -89.641453 -87.555457
2019.978080 -89.644562 -87.580642
2019.997260 -89.617219 -87.606199
2020.035520 -89.470014 -87.658261
2020.054640 -89.361877 -87.684799
2020.073770 -89.243609 -87.711694
2020.092900 -89.125215 -87.738923
2020.112020 -89.013743 -87.766465
2020.136610 -88.882593 -87.802339
2020.150270 -88.813309 -87.822510
2020.169400 -88.710710 -87.850997
2020.188520 -88.589540 -87.879765
2020.207650 -88.434113 -87.908838
2020.226780 -88.230098 -87.938189
2020.245900 -87.967272 -87.967795
2020.265030 -87.641258 -87.997676
2020.286890 -87.198620 -88.032115
2020.303280 -86.821245 -88.058163
2020.322400 -86.355709 -88.088747
2020.341530 -85.880860 -88.119565
2020.360660 -85.421602 -88.150589
2020.379780 -85.002964 -88.181790
2020.398910 -84.647484 -88.213188
2020.418030 -84.375345 -88.244737
2020.437160 -84.202101 -88.276457
2020.456280 -84.139658 -88.308299
2020.475410 -84.195543 -88.340283
2020.494540 -84.373502 -88.372378
2020.532790 -85.089682 -88.436822
2020.551910 -85.613499 -88.469138
2020.571040 -86.229884 -88.501520
2020.590160 -86.917248 -88.533914
2020.609290 -87.649659 -88.566342
2020.628420 -88.395477 -88.598769
2020.647540 -89.120266 -88.631160
2020.666670 -89.790703 -88.663533
2020.685790 -90.375149 -88.695840
2020.704920 -90.849655 -88.728100
2020.724040 -91.198208 -88.760260
2020.743170 -91.416500 -88.792342
2020.762300 -91.510756 -88.824311
2020.781420 -91.497495 -88.856136
2020.800550 -91.400778 -88.887839
2020.819670 -91.248857 -88.919370
2020.838800 -91.070083 -88.950750
2020.857920 -90.889871 -88.981934
2020.877050 -90.727304 -89.012946
2020.896170 -90.594374 -89.043739
2020.934430 -90.428274 -89.104708
2020.953550 -90.387509 -89.134840
2020.989070 -90.357532 -89.190179
2020.991800 -90.356761 -89.194402
2021.010960 -90.357111 -89.223862
2021.030140 -90.366606 -89.253098
2021.049320 -90.387753 -89.282075
2021.068490 -90.424143 -89.310776
2021.087670 -90.478323 -89.339227
2021.106850 -90.549448 -89.367412
2021.126030 -90.631605 -89.395333
2021.145210 -90.713068 -89.422991
2021.164380 -90.776771 -89.450370
2021.183560 -90.802196 -89.477503
2021.202740 -90.767859 -89.504378
2021.221920 -90.654675 -89.530997
2021.241100 -90.449060 -89.557368
2021.279450 -89.747787 -89.609378
2021.298630 -89.269124 -89.635041
2021.317810 -88.731379 -89.660480
2021.336990 -88.162596 -89.685703
2021.356160 -87.594617 -89.710704
2021.375340 -87.058994 -89.735518
2021.394520 -86.586205 -89.760140
2021.413700 -86.202446 -89.784578
2021.432880 -85.928687 -89.808841
2021.454790 -85.764969 -89.836358
2021.471230 -85.766006 -89.856860
2021.490410 -85.889998 -89.880645
2021.509590 -86.150281 -89.904286
2021.528770 -86.539514 -89.927790
2021.547950 -87.044711 -89.951166
2021.567120 -87.646721 -89.974407
2021.586300 -88.321530 -89.997543
2021.605480 -89.038909 -90.020561
2021.624660 -89.764851 -90.043471
2021.643840 -90.463341 -90.066279
2021.663010 -91.098841 -90.088972
2021.682190 -91.640880 -90.111575
2021.701370 -92.065241 -90.134080
2021.720550 -92.358085 -90.156483
2021.739730 -92.517260 -90.178783
2021.758900 -92.552542 -90.200969
2021.778080 -92.484342 -90.223059
2021.797260 -92.340764 -90.245037
2021.816440 -92.153949 -90.266899
2021.835620 -91.955717 -90.288638
2021.854790 -91.773606 -90.310235
2021.882190 -91.575446 -90.340867
2021.893150 -91.527591 -90.353021
2021.912330 -91.475536 -90.374178
2021.931510 -91.464221 -90.395162
2021.950680 -91.481187 -90.415951
2021.969860 -91.511708 -90.436552
2021.989040 -91.541912 -90.456940
2022.030140 -91.563870 -90.499849
2022.046580 -91.550081 -90.516671
2022.123290 -91.400998 -90.592312
2022.142470 -91.354856 -90.610392
2022.161640 -91.299748 -90.628090
2022.180820 -91.226491 -90.645409
2022.200000 -91.124239 -90.662320
2022.219180 -90.982650 -90.678802
2022.238360 -90.794264 -90.694838
2022.257530 -90.556553 -90.710402
2022.276710 -90.272535 -90.725492
2022.295890 -89.951595 -90.740083
2022.315070 -89.608118 -90.754159
2022.334250 -89.259912 -90.767702
2022.353420 -88.926268 -90.780692
2022.372600 -88.625159 -90.793129
2022.391780 -88.372613 -90.804992
2022.410960 -88.180935 -90.816270
2022.430140 -88.058561 -90.826952
2022.449320 -88.010355 -90.837028
2022.471230 -88.045821 -90.847809
2022.487670 -88.142138 -90.855329
2022.506850 -88.320175 -90.863547
2022.526030 -88.569025 -90.871139
2022.545210 -88.883420 -90.878102
2022.564380 -89.255289 -90.884424
2022.564380 -89.255289 -90.884424
2022.572600 -89.426741 -90.886982
2022.583560 -89.673842 -90.890122
2022.583560 -89.673842 -90.890122
2022.591780 -89.861848 -90.892413
2022.602740 -90.123956 -90.895194
2022.602740 -90.123956 -90.895194
2022.610960 -90.321211 -90.897216
2022.621920 -90.587086 -90.899643
2022.621920 -90.587086 -90.899643
2022.630140 -90.784924 -90.901400
2022.641100 -91.042042 -90.903476
2022.641100 -91.042042 -90.903476
2022.649320 -91.231046 -90.904972
2022.660270 -91.466543 -90.906702
2022.660270 -91.466543 -90.906702
2022.668490 -91.637489 -90.907939
2022.679450 -91.840472 -90.909329
2022.679450 -91.840472 -90.909329
2022.687670 -91.985349 -90.910312
2022.698630 -92.147117 -90.911371
2022.698630 -92.147117 -90.911371
2022.706850 -92.260288 -90.912108
2022.720550 -92.405472 -90.913024
2022.736990 -92.526417 -90.913751
2022.747950 -92.580246 -90.914037
2022.750680 -92.587978 -90.914064
2022.753420 -92.595738 -90.914092
2022.756160 -92.603499 -90.914120
2022.758900 -92.611259 -90.914147
2022.761640 -92.619020 -90.914175
2022.764380 -92.621330 -90.914150
2022.775340 -92.621813 -90.913963
2022.835620 -92.521772 -90.910296
2022.852050 -92.509719 -90.908504
2022.871230 -92.520926 -90.906047
2022.890410 -92.560802 -90.903203
2022.909590 -92.622143 -90.900000
2022.928770 -92.691553 -90.896465
2022.975340 -92.793913 -90.886699
2022.986300 -92.783722 -90.884170
2022.994520 -92.771087 -90.882252
2023.008220 -92.723420 -90.878943
2023.013700 -92.699486 -90.877603
2023.024660 -92.634136 -90.874862
2023.043840 -92.492892 -90.869975
2023.052050 -92.424042 -90.867853
2023.063010 -92.320090 -90.864973
2023.071230 -92.240736 -90.862806
2023.082190 -92.128996 -90.859885
2023.090410 -92.045103 -90.857691
2023.104110 -91.904817 -90.854013
2023.109590 -91.849527 -90.852541
2023.120550 -91.741907 -90.849595
2023.158900 -91.390385 -90.839365
2023.167120 -91.318436 -90.837199
2023.178080 -91.222922 -90.834349
2023.197260 -91.048928 -90.829442
2023.205480 -90.970687 -90.827372
2023.216440 -90.856775 -90.824675
2023.224660 -90.768071 -90.822670
2023.235620 -90.635885 -90.820076
2023.243840 -90.532882 -90.818151
2023.273970 -90.084628 -90.811501
2023.293150 -89.755941 -90.807576
2023.312330 -89.402571 -90.803928
2023.331510 -89.038229 -90.800582
2023.350680 -88.679402 -90.797564
2023.369860 -88.342688 -90.794892
2023.389040 -88.044258 -90.792587
2023.408220 -87.797917 -90.790669
2023.427400 -87.614725 -90.789157
2023.446580 -87.503000 -90.788064
2023.465750 -87.468675 -90.787407
2023.484930 -87.515652 -90.787197
2023.504110 -87.646182 -90.787449
2023.523290 -87.860549 -90.788169
2023.542470 -88.156535 -90.789367
2023.561640 -88.528343 -90.791045
2023.580820 -88.966508 -90.793214
2023.600000 -89.456189 -90.795875
2023.619180 -89.977968 -90.799028
2023.638360 -90.501889 -90.800492
