2005.111472603 -80.196
2005.245719178 -84.258
2005.264726027 -82.035
2005.283904110 -80.725
2005.590867580 -77.857
2005.610045662 -81.346
2005.667579909 -83.571
2005.686748478 -82.434
2005.725095129 -75.230
2005.782648402 -87.987
2005.801826484 -84.618
2005.821004566 -83.129
2005.840182648 -82.671
2005.859360731 -83.315
2006.377054795 -82.647
2006.390839041 -76.237
2006.415410959 -78.482
2006.453767123 -79.825
2006.472945205 -77.329
2006.492123288 -76.210
2006.547012938 -77.399
2006.566200533 -76.616
2006.588013699 -79.093
2006.607191781 -76.414
2006.626455479 -81.551
2006.722260274 -81.435
2006.741438356 -81.921
2006.760730594 -83.164
2006.779908676 -84.141
2006.818264840 -79.086
2006.873059361 -82.232
2006.914155251 -83.304
2006.933333333 -86.465
2006.990867580 -81.771
2007.010045662 -72.305
2007.029223744 -74.173
2007.045662100 -83.756
2007.067579909 -84.528
2007.086757991 -76.706
2007.144292237 -78.939
2007.163470320 -84.853
2007.182648402 -77.148
2007.221014079 -80.017
2007.336044521 -77.220
2007.393607306 -78.905
2007.470062785 -75.954
2007.489459665 -78.094
2007.547003425 -79.383
2007.566210046 -78.752
2007.604623288 -81.699
2007.700428082 -82.098
2007.892237443 -83.244
2007.911406012 -81.226
2008.239374621 -83.651
2008.255919854 -82.224
2008.274476321 -78.983
2008.313296903 -77.047
2008.332422587 -82.582
2008.447176685 -76.905
2008.466302368 -79.929
2008.485428051 -81.064
2008.504553734 -75.574
2008.523679417 -78.858
2008.542805100 -79.468
2008.619307832 -72.967
2008.638433515 -83.793
2008.656933060 -81.656
2009.001940639 -76.019
2009.040182648 -76.863
2009.193607306 -80.497
2009.807305936 -77.335
