2004.822518215 -96.077
2005.474077245 -77.756
2005.501263318 -81.783
2005.512214612 -83.945
2005.532933790 -83.446
2005.534141933 -82.151
2005.549391172 -84.026
2005.557617960 -85.709
2005.568517884 -81.673
2005.598671994 -82.105
2005.668660578 -85.618
2005.747895738 -87.243
2005.752125190 -94.128
2005.761727549 -85.784
2005.790483257 -87.263
2005.798601598 -82.965
2005.819292237 -80.559
2005.829014460 -92.670
2005.838599696 -94.425
2005.848183029 -84.545
2005.856223364 -87.405
2005.865827626 -96.184
2005.896080670 -89.694
2005.905669711 -92.668
2005.915258752 -84.759
2005.934436834 -88.841
2005.944044901 -86.271
2005.950903729 -85.313
2005.960445205 -86.575
2005.972688356 -89.617
2005.978139269 -92.822
2006.002929985 -95.222
2006.009680365 -91.826
2006.017897641 -89.427
2006.030365297 -92.811
2006.039935312 -96.350
2006.049524353 -87.405
2006.068702435 -93.646
2006.075561263 -85.421
2006.085163623 -89.101
2006.135778158 -95.098
2006.154965753 -80.689
2006.174181887 -88.235
2006.184994292 -92.042
2006.212545662 -86.260
2006.222117580 -84.100
2006.248030822 -85.784
2006.260372907 -84.350
2006.269977169 -84.623
2006.279493912 -93.168
2006.289109589 -93.491
2006.298702435 -87.031
2006.308352359 -84.341
2006.317893836 -85.051
2006.327511416 -84.803
2006.338337139 -93.015
2006.346660959 -84.924
2006.356250000 -82.598
2006.384969559 -86.809
2006.394606164 -82.853
2006.404204718 -86.005
2006.413774734 -82.417
2006.423373288 -79.854
2006.432945205 -81.907
2006.442553272 -82.598
2006.452144216 -85.457
2006.461719939 -85.763
2006.471301370 -89.070
2006.482125190 -86.435
2006.490334855 -80.250
2006.509598554 -85.393
2006.519235160 -83.153
2006.531449772 -78.040
2006.538422755 -78.416
2006.554851598 -83.518
2006.563070776 -83.025
2006.575323440 -82.522
2006.583523592 -79.955
2006.595934170 -84.744
2006.606887367 -80.895
2006.615102740 -86.946
2006.624657534 -84.967
2006.634303653 -88.529
2006.643807078 -84.412
2006.651997717 -86.537
2006.663099315 -81.476
2006.672669330 -85.042
2006.682267884 -83.336
2006.691856925 -84.570
2006.701455479 -88.723
2006.711035008 -89.832
2006.731537291 -90.940
2006.739802131 -83.914
2006.759006849 -90.412
2006.778148782 -90.827
2006.787775875 -88.253
2006.826227169 -82.304
2006.834455860 -83.148
2006.883761416 -85.555
2006.902929985 -89.293
2006.995966514 -94.857
2007.027587519 -84.503
2007.200171233 -87.982
2007.209722222 -84.320
2007.219434932 -85.442
2007.257568493 -79.464
2007.286367960 -80.830
2007.334303653 -80.775
2007.363070776 -83.948
2007.382267884 -79.002
2007.391828387 -77.339
2007.411006469 -83.226
2007.449391172 -80.274
2007.509503425 -79.326
2007.535644977 -78.660
2007.593188737 -90.531
2007.621860731 -88.038
2007.650742009 -80.623
2007.662947108 -85.337
2007.669920091 -88.359
2007.679490107 -84.635
2007.689088661 -84.224
2007.698706240 -87.721
2007.756259513 -90.244
2007.765810502 -88.563
2007.775428082 -87.521
2007.785017123 -86.517
2007.852245053 -84.673
2007.919387367 -83.120
2007.928938356 -83.188
2007.938641553 -91.037
2007.957724505 -84.868
2007.967199391 -81.689
2007.976893075 -92.228
2007.986453577 -84.546
2008.015084244 -89.580
2008.024779903 -83.502
2008.053468427 -87.210
2008.072745902 -85.601
2008.082147465 -86.980
2008.091710307 -85.617
2008.117695052 -80.876
2008.120366576 -86.807
2008.154447480 -85.840
2008.158839936 -83.361
2008.187348209 -88.276
2008.206682605 -85.578
2008.216226472 -85.277
2008.263756072 -91.991
2008.273290452 -85.190
2008.282834320 -89.083
2008.290926685 -86.254
2008.301978977 -81.653
2008.311551305 -82.697
2008.321076199 -91.295
2008.330676988 -88.221
2008.368928355 -82.661
2008.378453248 -84.505
2008.407170234 -81.720
2008.416752049 -78.958
2008.426295917 -83.646
2008.435887219 -87.670
2008.445431087 -85.086
2008.454974954 -88.996
2008.474138585 -84.621
2008.483597070 -83.676
2008.524552216 -82.779
2008.550631831 -79.596
2008.560052368 -85.132
2008.569757514 -74.724
2008.581929265 -83.649
2008.588892684 -92.568
2008.601073922 -85.369
2008.608018367 -84.814
2008.620209092 -83.183
2008.624430783 -81.764
2008.639306315 -86.968
2008.646226093 -83.687
2008.655756679 -77.768
2008.674958257 -86.304
2008.694045993 -80.951
2008.713181163 -86.477
2008.732335307 -86.178
2008.741850713 -84.714
2008.751442016 -86.728
2008.765008349 -85.716
2008.770558212 -90.906
2008.780111566 -91.136
2008.799256223 -86.348
2008.808838039 -88.746
2008.828030131 -81.898
2008.875920234 -86.229
2008.885663327 -87.466
2008.914114678 -93.472
2008.923677520 -89.818
2008.933240361 -87.009
2008.971472753 -86.032
2008.990456132 -83.607
2009.002939498 -84.662
2009.009674658 -89.086
2009.019530061 -85.730
2009.057705479 -89.094
2009.076893075 -89.758
2009.105622146 -87.330
2009.115306317 -87.431
2009.124857306 -86.310
2009.134455860 -87.802
2009.144025875 -95.629
2009.153586377 -90.576
2009.172792998 -93.166
2009.182372527 -92.200
2009.191980594 -93.490
2009.258951674 -89.142
2009.316476408 -84.576
2009.412423896 -80.719
2009.441181507 -82.837
2009.709684170 -77.555
2009.764469178 -90.414
2009.795947489 -89.413
2009.824857306 -85.736
2010.028900304 -81.437
