2005.198021309 -88.347
2005.217380137 -87.263
2005.236558219 -90.312
2005.255536530 -88.949
2005.274733638 -89.492
2005.293997336 -85.312
2005.313099315 -88.775
2005.332382040 -91.449
2005.351560122 -84.696
2005.370633562 -84.361
2005.389916286 -89.952
2005.409132420 -100.074
2005.428281963 -91.516
2005.447526636 -87.994
2005.466571537 -89.006
2005.600875190 -92.893
2005.619977169 -102.094
2005.639136225 -84.418
2005.696641933 -91.189
2005.735017123 -92.851
2005.754223744 -90.721
2005.888470320 -88.830
2005.907648402 -100.559
2005.926855023 -96.438
2005.946023592 -90.180
2005.965125571 -98.722
2005.984436834 -89.327
2006.003500761 -86.529
2006.022659817 -94.882
2006.061035008 -99.761
2006.156820776 -99.570
2006.233732877 -101.966
2006.252796804 -83.986
2006.272108067 -85.897
2006.291219559 -85.931
2006.310350076 -99.042
2006.329509132 -87.497
2006.348744292 -84.741
2006.367922374 -92.029
2006.406164384 -85.415
2006.425418569 -86.578
2006.463755708 -95.753
2006.482905251 -96.384
2006.559560502 -88.475
2006.578843227 -95.965
2006.598144977 -86.448
2006.617085236 -92.437
2006.636358447 -87.635
2006.655555556 -90.314
2006.693978311 -93.979
2006.770633562 -84.018
2006.789821157 -89.834
2007.077454338 -86.519
2007.135007610 -87.907
2007.192418189 -87.262
2007.422574201 -77.417
2007.537880518 -75.243
2007.557039574 -79.235
2007.576445967 -78.557
2007.595395738 -83.344
2007.614421613 -80.007
2008.170271706 -86.781
2008.189492259 -88.044
2008.227715164 -92.258
