2005.66106	-78.10510723
2005.6834	-81.66510723
2005.72408	-87.30510723
2005.74099	-85.71510723
2005.77937	-84.02510723
2005.79856	-82.84510723
2005.81783	-83.70510723
2005.83947	-85.44510723
2005.85591	-85.96510723
2005.87505	-85.55510723
2005.89138	-85.89510723
2005.90794	-85.09510723
2005.95493	-86.28510723
2005.97156	-88.61510723
2005.9937	-82.08510723
2006.00995	-82.86510723
2006.02844	-82.08510723
2006.048	-82.14510723
2006.0645	-83.72510723
2006.08322	-85.14510723
2006.10517	-83.95510723
2006.12474	-80.83510723
2006.14671	-83.69510723
2006.1631	-84.20510723
2006.18232	-82.95510723
2006.19839	-84.78510723
2006.22066	-85.39510723
2006.24199	-84.91510723
2006.2585	-88.23510723
2006.27804	-86.41510723
2006.2971	-85.34510723
2006.31603	-85.50510723
2006.33498	-83.76510723
2006.35197	-83.15510723
2006.37076	-82.04510723
2006.41515	-84.78510723
2006.42863	-81.49510723
2006.45069	-82.01510723
2006.489	-80.95510723
2006.50832	-80.34510723
2006.54648	-78.78510723
2006.58486	-82.94510723
2006.60404	-80.39510723
2006.62358	-82.50510723
2006.64237	-80.55510723
2006.66162	-79.88510723
2006.68086	-77.51510723
2006.69997	-82.25510723
2006.71872	-84.38510723
2006.73838	-84.30510723
2006.75739	-84.41510723
2006.7958	-83.45510723
2006.81511	-81.86510723
2006.83442	-82.96510723
2006.85351	-86.29510723
2006.87298	-85.40510723
2006.89186	-85.07510723
2006.91104	-82.85510723
2006.93037	-87.01510723
2006.94944	-87.39510723
2006.96887	-82.56510723
2006.98804	-83.47510723
2007.02907	-83.55510723
2007.04553	-87.38510723
2007.06445	-83.07510723
2007.08409	-87.72510723
2007.1035	-85.00510723
2007.12218	-83.26510723
2007.14115	-84.38510723
2007.16033	-87.27510723
2007.17981	-86.05510723
2007.19875	-89.23510723
2007.21798	-84.32510723
2007.23696	-86.03510723
2007.2562	-85.45510723
2007.29454	-79.97510723
2007.31371	-83.14510723
2007.37353	-83.38510723
2007.40961	-83.14510723
2007.43132	-78.83510723
2007.44646	-80.27510723
2007.46971	-81.96510723
2007.52478	-82.54510723
2007.54386	-81.89510723
2007.56296	-82.95510723
2007.58214	-84.36510723
2007.6013	-83.69510723
2007.62065	-86.24510723
2007.65881	-89.17510723
2007.67798	-86.19510723
2007.6972	-88.59510723
2007.7354	-88.47510723
2007.75747	-90.57510723
2007.77386	-89.28510723
2007.79595	-92.91510723
2007.81225	-90.01510723
2007.85112	-87.96510723
2007.86724	-89.26510723
2007.91333	-88.12510723
2007.9466	-91.96510723
2007.96467	-90.89510723
2007.99004	-88.77510723
2008.00647	-89.53510723
2008.04239	-93.31510723
2008.06153	-87.46510723
2008.08076	-88.17510723
2008.11892	-87.01510723
2008.15736	-83.71510723
2008.19837	-86.74510723
2008.23366	-90.33510723
2008.25268	-86.08510723
2008.29098	-83.07510723
2008.31001	-80.90510723
2008.33157	-82.76510723
2008.3512	-84.48510723
2008.36601	-87.33510723
2008.39153	-84.60510723
2008.40553	-83.65510723
2008.42515	-79.76510723
2008.44386	-78.91510723
2008.46582	-78.78510723
2008.52046	-78.11510723
2008.53968	-77.05510723
2008.55872	-81.88510723
2008.57777	-79.77510723
2008.59693	-77.55510723
2008.61611	-81.16510723
2008.63526	-81.63510723
2008.65427	-81.70510723
2008.67348	-85.26510723
2008.71179	-82.69510723
2008.73371	-88.65510723
2008.7909	-88.53510723
2008.82683	-86.02510723
2008.84872	-87.43510723
2008.90322	-87.04510723
2008.92499	-84.95510723
2008.9416	-86.84510723
2008.96074	-86.25510723
2008.97965	-85.82510723
2009.00444	-85.10510723
2009.05693	-84.68510723
2009.11653	-87.84510723
2009.13623	-85.31510723
2009.1576	-82.90510723
2009.17146	-86.06510723
2009.1908	-88.02510723
2009.21284	-89.97510723
2009.25088	-91.70510723
2009.26982	-85.30510723
2009.28935	-85.24510723
2009.30563	-87.37510723
2009.3248	-87.83510723
2009.34381	-86.80510723
2009.36316	-87.95510723
2009.37165	-84.88510723
2009.40149	-84.72510723
2009.42073	-83.60510723
2009.43986	-81.24510723
2009.47821	-83.45510723
2009.50012	-84.39510723
2009.5163	-80.38510723
2009.53565	-83.27510723
2009.55492	-84.77510723
2009.5743	-87.66510723
2009.59335	-86.57510723
2009.61227	-86.99510723
2009.6302	-89.79510723
2009.65103	-81.92510723
2009.66997	-86.57510723
2009.68918	-87.44510723
2009.70869	-86.96510723
2009.72771	-85.42510723
2009.7662	-93.10510723
2009.78758	-89.75510723
2009.80408	-92.42510723
2009.82309	-84.70510723
2009.8411	-84.14510723
2009.86223	-86.28510723
2009.90031	-88.14510723
2009.93901	-90.76510723
2009.97534	-91.73510723
2009.99594	-84.62510723
2010.01513	-86.89510723
2010.03488	-87.60510723
2010.05348	-85.38510723
2010.07323	-87.45510723
2010.09236	-89.21510723
2010.1304	-87.55510723
2010.14954	-82.97510723
2010.18838	-88.33510723
2010.20748	-88.91510723
2010.2261	-88.77510723
2010.26478	-86.24510723
2010.28373	-84.55510723
2010.30314	-82.26510723
2010.40134	-82.06510723
2010.41776	-82.83510723
2010.43687	-84.66510723
2010.45609	-82.30510723
2010.47522	-82.27510723
2010.51365	-84.09510723
2010.53314	-83.39510723
2010.55224	-83.95510723
2010.57118	-81.87510723
2010.59315	-83.02510723
2010.6099	-82.84510723
2010.63469	-85.73510723
2010.64831	-81.05510723
2010.68627	-86.92510723
2010.72466	-89.13510723
2010.74406	-84.17510723
2010.78208	-87.64510723
2010.80153	-90.65510723
2010.88111	-84.31510723
2010.89711	-87.09510723
2010.91684	-83.23510723
2010.9358	-86.70510723
2010.95768	-86.07510723
2010.97644	-85.00510723
2011.0124	-86.50510723
2011.03433	-86.09510723
2011.05099	-88.02510723
2011.06972	-84.22510723
2011.12774	-87.41510723
2011.14673	-88.40510723
2011.18521	-87.41510723
2011.22625	-85.71510723
2011.24238	-86.93510723
2011.26229	-86.11510723
2011.28025	-86.94510723
2011.30043	-86.80510723
2011.31959	-83.76510723
2011.34155	-84.07510723
2011.36236	-79.84510723
2011.37668	-83.21510723
2011.4154	-79.45510723
2011.43427	-79.78510723
2011.45366	-80.76510723
2011.47306	-78.68510723
2011.4917	-80.46510723
2011.51087	-79.89510723
2011.53054	-79.30510723
2011.56845	-82.26510723
2011.58757	-78.52510723
2011.60634	-82.63510723
2011.62587	-83.14510723
2011.66309	-82.12510723
2011.68385	-83.08510723
2011.70265	-82.61510723
2011.72195	-80.75510723
2011.74119	-84.00510723
2011.76065	-86.37510723
2011.77985	-89.55510723
2011.80126	-85.81510723
2011.81815	-85.94510723
2011.85642	-86.58510723
2011.87548	-85.47510723
2011.89428	-86.78510723
2011.91781	-86.93510723
2011.93318	-86.32510723
2011.95261	-84.08510723
2011.97146	-83.96510723
2011.99079	-82.68510723
2012.00967	-83.96510723
2012.02885	-85.06510723
2012.05074	-83.02510723
2012.06727	-82.93510723
2012.10524	-87.33510723
2012.12446	-88.04510723
2012.14363	-88.82510723
2012.16262	-90.16510723
2012.18184	-88.57510723
2012.19968	-88.47510723
2012.22346	-90.39510723
2012.2389	-82.99510723
2012.26081	-85.85510723
2012.27752	-88.16510723
2012.2964	-85.85510723
2012.31859	-84.94510723
2012.35371	-86.89510723
2012.37304	-85.54510723
2012.39212	-86.77510723
2012.43016	-80.58510723
2012.44937	-82.98510723
2012.46841	-81.55510723
2012.4877	-81.17510723
2012.5056	-81.62510723
2012.54501	-84.05510723
2012.56423	-83.03510723
2012.58361	-84.78510723
2012.60241	-87.64510723
2012.6219	-87.73510723
2012.64064	-88.12510723
2012.66022	-85.99510723
2012.67893	-88.10510723
2012.69803	-87.42510723
2012.71764	-91.54510723
2012.73668	-88.93510723
2012.75537	-83.66510723
2012.77449	-90.29510723
2012.79365	-88.27510723
2012.81315	-85.43510723
2012.83225	-90.94510723
2012.85123	-89.65510723
2012.87041	-86.93510723
2012.88947	-84.93510723
2012.90865	-89.74510723
2012.92767	-86.15510723
2012.94698	-86.72510723
2012.96639	-85.83510723
2012.9846	-85.39510723
2013.00432	-87.92510723
2013.0239	-83.82510723
2013.04264	-83.37510723
2013.06189	-90.30510723
2013.08104	-83.12510723
2013.10006	-90.29510723
2013.11932	-85.38510723
2013.13811	-84.62510723
2013.15732	-85.21510723
2013.17734	-81.08510723
2013.19595	-85.15510723
2013.21581	-85.50510723
2013.25355	-85.65510723
2013.27309	-86.85510723
2013.29189	-85.34510723
2013.31093	-83.61510723
2013.32899	-84.25510723
2013.34945	-83.40510723
2013.3877	-82.84510723
2013.40679	-80.85510723
2013.42616	-76.52510723
2013.44518	-77.90510723
2013.46434	-81.89510723
2013.48366	-82.36510723
2013.50316	-83.97510723
2013.52095	-81.43510723
2013.54123	-82.95510723
2013.56065	-81.58510723
2013.57972	-82.37510723
2013.59862	-81.52510723
2013.61782	-83.15510723
2013.65653	-82.45510723
2013.67017	-86.09510723
2013.67546	-84.22510723
2013.69988	-85.81510723
2013.71383	-86.80510723
2013.73315	-87.05510723
2013.77115	-85.09510723
2013.7903	-86.97510723
2013.80999	-88.02510723
2013.82841	-87.51510723
2013.84843	-86.86510723
2013.86738	-86.77510723
2013.88611	-84.60510723
2013.9057	-85.92510723
2013.94421	-87.56510723
2013.96329	-84.11510723
2013.98275	-84.99510723
2014.02078	-84.05510723
2014.03997	-84.97510723
2014.05916	-87.39510723
2014.07838	-87.76510723
2014.09779	-87.21510723
2014.11697	-86.69510723
2014.13611	-87.41510723
2014.15512	-87.46510723
2014.17423	-84.79510723
2014.19342	-86.78510723
2014.2126	-87.84510723
2014.23221	-86.26510723
2014.25348	-84.85510723
2014.26992	-83.56510723
2014.29202	-85.36510723
2014.31822	-86.25510723
2014.32786	-85.37510723
2014.34696	-83.82510723
2014.36578	-85.87510723
2014.38499	-87.06510723
2014.40415	-82.37510723
2014.42366	-82.59510723
2014.44298	-81.05510723
2014.46231	-80.14510723
2014.4812	-80.63510723
2014.50002	-83.04510723
2014.5193	-84.01510723
2014.53837	-84.48510723
2014.55798	-83.19510723
2014.57674	-81.85510723
2014.61502	-80.91510723
2014.63438	-85.84510723
2014.65378	-87.65510723
2014.67271	-81.28510723
2014.69177	-83.55510723
2014.71054	-85.87510723
2014.73049	-87.02510723
2014.74833	-83.35510723
2014.76799	-87.56510723
2014.79034	-86.66510723
2014.807	-88.20510723
2014.8266	-85.53510723
2014.84579	-89.25510723
2014.86471	-90.86510723
2014.88386	-92.21510723
2014.90329	-88.51510723
2014.92221	-89.01510723
2014.94167	-91.23510723
2014.9606	-93.45510723
2014.97954	-88.02510723
2014.99865	-88.50510723
2015.01813	-88.13510723
2015.03733	-85.52510723
2015.05651	-87.77510723
2015.0867	-87.56510723
2015.09482	-88.59510723
2015.11433	-87.19510723
2015.13323	-90.18510723
2015.15232	-86.93510723
2015.17155	-85.09510723
2015.19098	-88.56510723
2015.2103	-89.32510723
2015.22939	-86.49510723
2015.24834	-87.31510723
2015.26726	-87.12510723
2015.28666	-86.16510723
2015.30561	-86.86510723
2015.32509	-86.96510723
2015.34396	-85.60510723
2015.36308	-85.51510723
2015.40415	-82.93510723
2015.41999	-85.32510723
2015.44014	-84.73510723
2015.4587	-84.28510723
2015.47818	-83.22510723
2015.49732	-84.10510723
2015.51676	-83.16510723
2015.53569	-85.15510723
2015.55487	-83.76510723
2015.57458	-90.02510723
2015.59324	-87.46510723
2015.61233	-84.92510723
2015.63176	-84.03510723
2015.65067	-85.30510723
2015.6702	-86.94510723
2015.69162	-87.71510723
2015.70855	-86.88510723
2015.72743	-87.08510723
2015.74662	-89.00510723
2015.76576	-86.96510723
2015.785	-87.63510723
2015.80427	-86.28510723
2015.82361	-86.21510723
2015.84273	-86.07510723
2015.862	-88.43510723
2015.87978	-90.17510723
2015.90038	-86.77510723
2015.91948	-87.98510723
2015.95783	-85.75510723
2015.97659	-86.85510723
2015.99624	-85.25510723
2016.01558	-89.82510723
2016.03468	-87.79510723
2016.05364	-90.43510723
2016.07297	-87.41510723
2016.09178	-90.12510723
2016.11098	-93.82510723
2016.13007	-87.78510723
2016.14923	-88.04510723
2016.1874	-90.19510723
2016.20684	-87.48510723
2016.22566	-93.56510723
2016.2445	-86.74510723
2016.2637	-87.23510723
2016.28265	-86.73510723
2016.302	-87.69510723
2016.32106	-87.14510723
2016.34019	-85.48510723
2016.35935	-86.10510723
2016.37836	-84.19510723
2016.39787	-85.50510723
2016.41701	-84.64510723
2016.43587	-83.53510723
2016.45504	-83.81510723
2016.47411	-82.97510723
2016.49361	-83.13510723
2016.51242	-83.44510723
2016.53179	-87.83510723
2016.55066	-91.04510723
2016.57002	-83.14510723
2016.5889	-82.91510723
2016.60787	-89.59510723
2016.62705	-86.97510723
2016.64628	-91.50510723
2016.66566	-88.44510723
2016.68462	-87.98510723
2016.70369	-87.36510723
2016.723	-87.51510723
2016.74187	-86.93510723
2016.76101	-87.08510723
2016.78044	-88.93510723
2016.79909	-86.37510723
2016.81839	-88.72510723
2016.83763	-85.64510723
2016.85682	-86.72510723
2016.87634	-89.44510723
2016.89506	-89.85510723
2016.91415	-87.76510723
2016.93338	-89.66510723
2016.95243	-88.66510723
2016.97167	-86.05510723
2016.99059	-91.94510723
2017.00984	-89.99510723
2017.02903	-87.31510723
2017.04819	-89.37510723
2017.06761	-89.73510723
2017.08659	-92.23510723
2017.10572	-89.04510723
2017.12381	-88.59510723
2017.14409	-90.68510723
2017.16356	-90.00510723
2017.18248	-89.11510723
2017.20162	-87.40510723
2017.2208	-89.46510723
2017.23975	-87.03510723
2017.25897	-86.67510723
2017.27811	-86.40510723
2017.29707	-88.49510723
2017.33555	-85.82510723
2017.35478	-85.74510723
2017.37391	-84.30510723
2017.39311	-85.34510723
2017.41224	-84.79510723
2017.43182	-85.96510723
2017.45069	-83.58510723
2017.47014	-82.20510723
2017.48964	-82.39510723
2017.50823	-86.24510723
2017.5274	-82.85510723
2017.54655	-84.16510723
2017.56582	-83.84510723
2017.58494	-86.22510723
2017.60412	-86.49510723
2017.62319	-87.80510723
2017.64306	-87.10510723
2017.66162	-85.17510723
2017.68115	-86.58510723
2017.69996	-88.87510723
2017.71923	-87.33510723
2017.73846	-87.89510723
2017.75764	-87.04510723
2017.77672	-91.04510723
2017.79628	-89.62510723
2017.81515	-88.08510723
2017.83458	-90.01510723
2017.85369	-90.22510723
2017.87294	-93.40510723
2017.89203	-87.91510723
2017.91124	-86.13510723
2017.93035	-90.04510723
2017.94938	-89.07510723
2017.96871	-89.31510723
2017.98793	-86.96510723
2018.00713	-88.46510723
2018.02626	-87.97510723
2018.04553	-89.57510723
2018.06496	-86.36510723
2018.08377	-91.07510723
2018.10295	-86.66510723
2018.12222	-86.60510723
2018.14137	-86.90510723
2018.16049	-89.01510723
2018.17965	-86.79510723
2018.1989	-84.65510723
2018.21816	-87.35510723
2018.23708	-86.82510723
2018.25651	-88.33510723
2018.27532	-86.08510723
2018.29445	-86.58510723
2018.31368	-85.51510723
2018.33294	-86.23510723
2018.35243	-84.89510723
2018.37123	-84.77510723
2018.39035	-85.14510723
2018.40969	-85.55510723
2018.42871	-84.74510723
2018.44789	-87.28510723
2018.46715	-84.63510723
2018.48636	-83.03510723
2018.50545	-84.19510723
2018.52458	-80.36510723
2018.56301	-83.72510723
2018.58219	-87.82510723
2018.60125	-91.88510723
2018.62047	-86.73510723
2018.63966	-89.52510723
2018.66207	-87.08510723
2018.67801	-87.54510723
2018.69719	-87.73510723
2018.71678	-89.21510723
2018.73558	-88.25510723
2018.75486	-89.22510723
2018.83177	-85.79510723
2018.85121	-89.17510723
2018.87019	-87.36510723
2018.88932	-88.20510723
2018.90876	-88.62510723
2018.92745	-90.34510723
2018.94685	-85.53510723
2018.96595	-88.63510723
2018.98513	-87.87510723
2019.02352	-89.33510723
2019.04264	-93.02510723
2019.06186	-89.63510723
2019.1293	-87.83510723
2019.13808	-88.67510723
2019.15784	-88.13510723
2019.19593	-88.04510723
2019.21535	-87.03510723
2019.25376	-89.82510723
2019.27257	-86.69510723
2019.28908	-88.30510723
2019.31086	-87.58510723
2019.33025	-87.69510723
2019.34928	-86.48510723
2019.36892	-86.07510723
2019.38798	-86.56510723
2019.40682	-87.06510723
2019.42544	-84.39510723
2019.44534	-82.37510723
2019.46455	-81.17510723
2019.48311	-79.54510723
2019.50282	-86.39510723
2019.52189	-88.29510723
2019.56036	-83.42510723
2019.57953	-84.86510723
2019.59865	-87.73510723
2019.61735	-85.24510723
2019.63759	-87.55510723
2019.65605	-85.70510723
2019.67532	-86.74510723
2019.69442	-88.49510723
2019.71366	-87.95510723
2019.73279	-88.68510723
2019.75457	-93.18510723
2019.77703	-90.47510723
2019.79037	-88.52510723
2019.80971	-91.59510723
2019.82894	-93.89510723
2019.8481	-92.05510723
2019.86726	-92.42510723
2019.88651	-91.57510723
2019.90579	-90.82510723
2019.92525	-92.69510723
2019.94451	-95.62510723
2019.96278	-89.72510723
2019.99779	-87.51510723
2020.01146	-86.19510723
2020.03058	-89.65510723
2020.04971	-91.09510723
2020.06884	-92.61510723
2020.09069	-88.53510723
2020.10709	-90.31510723
2020.14261	-91.64510723
2020.16446	-91.08510723
2020.18359	-88.94510723
2020.20271	-90.95510723
2020.22184	-87.83510723
2020.24085	-87.94510723
2020.25998	-87.26510723
2020.2791	-89.59510723
2020.29823	-88.15510723
2020.31736	-89.54510723
2020.33648	-85.27510723
2020.35561	-87.06510723
2020.39386	-87.04510723
2020.43211	-84.18510723
2020.47036	-85.50510723
2020.50861	-85.27510723
2020.54686	-86.74510723
2020.58511	-90.05510723
2020.62337	-86.79510723
2020.69987	-88.06510723
2020.73812	-91.18510723
2020.77637	-92.15510723
2020.81474	-91.71510723
2020.85299	-93.43510723
2020.89397	-94.47510723
2020.92949	-90.54510723
2020.96774	-91.25510723
2021.00601	-93.41510723
2021.04711	-87.51510723
2021.08272	-87.03510723
2021.12108	-90.18510723
2021.15943	-95.00510723
2021.19779	-91.74510723
2021.23603	-94.09510723
2021.27439	-92.92510723
2021.31275	-89.73510723
2021.3511	-90.00510723
2021.38946	-89.39510723
2021.43329	-89.14510723
2021.44699	-88.31510723
2021.48535	-86.68510723
2021.5237	-87.90510723
2021.56206	-90.78510723
2021.60042	-91.66510723
2021.63877	-92.46510723
2021.67713	-93.31510723
2021.71548	-98.39510723
2021.75384	-97.70510723
2021.7922	-96.87510723
2021.83067	-95.01510723
2021.87176	-94.24510723
2021.90738	-96.16510723
2021.94574	-90.52510723
2021.96491	-95.91510723
2021.98409	-95.15510723
2022.00327	-92.53510723
2022.02245	-94.26510723
2022.04163	-94.01510723
2022.04437	-97.34510723
2022.0608	-95.10510723
2022.07998	-95.61510723
2022.09916	-94.41510723
2022.11834	-96.99510723
2022.13752	-91.92510723
2022.15669	-92.36510723
2022.17587	-92.29510723
2022.19505	-94.44510723
2022.21697	-88.11510723
2022.23329	-93.49510723
2022.25247	-89.89510723
2022.27165	-92.51510723
2022.29083	-91.25510723
2022.31275	-89.91510723
2022.32918	-91.20510723
2022.34836	-89.38510723
2022.36754	-90.16510723
2022.38672	-89.88510723
2022.4059	-90.60510723
2022.44425	-89.45510723
2022.46343	-89.01510723
2022.48261	-89.29510723
2022.50179	-90.40510723
2022.52096	-91.18510723
2022.55932	-88.20510723
2022.5785	-89.22510723
2022.59768	-85.49510723
2022.63603	-86.21510723
2022.67439	-91.03510723
2022.69357	-90.59510723
2022.73192	-92.63510723
2022.77028	-90.97510723
2022.81138	-94.54510723
2022.82793	-92.47510723
2022.84711	-89.11510723
2022.86628	-89.54510723
2022.8882	-89.47510723
2022.90464	-87.78510723
2022.92382	-88.58510723
2022.943	-90.16510723
2022.96491	-91.30510723
2022.98135	-92.91510723
2023.00053	-90.55510723
2023.01971	-89.18510723
2023.03889	-89.25510723
2023.05806	-93.35510723
2023.0745	-89.69510723
2023.09916	-91.14510723
2023.1156	-90.62510723
2023.13478	-91.57510723
2023.15396	-91.45510723
2023.17313	-90.20510723
2023.19231	-89.63510723
2023.21149	-92.03510723
2023.23055	-88.66510723
2023.24973	-88.10510723
2023.26891	-89.20510723
2023.28809	-89.12510723
2023.30727	-91.13310723
2023.32644	-89.41510723
2023.34836	-93.23510723
2023.3648	-93.22510723
2023.38672	-92.05510723
2023.40316	-96.34510723
2023.42233	-92.97510723
2023.44151	-88.04510723
2023.46069	-86.26510723
2023.47987	-84.73510723
2023.48809	-85.24510723
2023.51822	-88.24510723
2023.5374	-88.22510723
2023.55658	-85.82510723
2023.57576	-90.22510723
2023.59494	-91.47510723
2023.61412	-90.03510723
2023.63329	-90.63510723
2023.65247	-92.55510723
2023.67165	-88.87510723