2005.112749239 -63.164
2005.125827626 -65.449
2005.131337519 -64.658
2005.150401446 -62.424
2005.161898782 -65.602
2005.161908295 -66.731
2005.170058980 -64.139
2005.189307458 -66.728
2005.200372907 -66.579
2005.247399163 -62.731
2005.287473364 -69.463
2005.331872146 -62.715
2005.342732116 -66.442
2005.364381659 -64.752
2005.370319635 -66.325
2005.370338661 -63.712
2005.381227169 -67.431
2005.413957382 -66.829
2005.413963090 -67.629
2005.419611872 -64.882
2005.454590944 -70.355
2005.460673516 -66.073
2005.506904490 -66.562
2005.534493912 -66.020
2005.585989346 -66.343
2005.621708524 -68.233
2005.621719939 -68.426
2005.649691781 -68.373
2005.690359589 -66.735
2005.704358828 -65.362
2005.704368341 -66.814
2005.753103120 -66.563
2005.753112633 -68.917
2005.764699391 -67.808
2005.822193683 -68.956
2005.835302511 -67.012
2005.835308219 -68.873
2005.847012938 -67.374
2005.860821918 -68.578
2005.904463470 -65.441
2005.915095129 -65.261
2005.936373668 -65.732
2005.956651446 -67.458
2005.973112633 -64.525
2005.989387367 -68.858
2006.003797565 -61.522
2006.020066591 -62.522
2006.038489346 -60.896
2006.085403349 -63.061
2006.085410959 -65.649
2006.142714992 -63.002
2006.161676180 -66.554
2006.180882801 -62.773
2006.200135084 -67.534
2006.219337900 -65.587
2006.254480594 -67.853
2006.271191020 -59.480
2006.284944825 -60.901
2006.284952435 -67.417
2006.298325723 -63.659
2006.317564688 -63.042
2006.331185312 -60.615
2006.331198630 -68.698
2006.347971842 -61.218
2006.389073440 -70.998
2006.413833714 -70.816
2006.413843227 -70.168
2006.452304033 -67.582
2006.496025495 -64.006
2006.515173135 -70.225
2006.534724125 -69.314
2006.548232496 -71.289
2006.581301370 -65.648
2006.603236301 -68.512
2006.619214231 -69.094
2006.619315068 -68.952
2006.666002664 -69.969
2006.685161720 -73.934
2006.705751522 -70.835
2006.715203577 -70.245
2006.715214992 -70.788
2006.733274353 -70.135
2006.749575723 -72.444
2006.768666286 -67.875
2006.793514079 -70.570
2006.793519787 -71.019
2006.812528539 -66.275
2006.865270167 -62.829
2006.871489726 -59.169
2007.181392694 -70.631
2007.201436327 -67.976
2007.225136986 -64.858
2007.273995434 -67.086
2007.413951674 -69.643
2007.581185312 -69.261
2007.690780061 -66.489
2007.748192542 -72.361
2007.786662861 -74.207
2007.811434551 -71.824
2007.879138128 -68.592
2007.920458524 -64.728
2007.920468037 -70.101
2007.953906012 -69.331
2008.038384183 -66.570
2008.038391773 -64.731
2008.062981937 -68.223
2008.286919399 -69.182
2008.415437158 -66.813
2008.458025956 -69.227
2008.497744004 -68.803
2008.497753491 -68.941
2008.620590468 -70.396
2008.644820128 -73.633
2008.667148604 -70.769
2008.685927064 -77.517
2008.710179493 -71.741
2008.748668033 -70.387
2008.789754098 -69.456
2008.811492486 -69.213
2008.833369384 -69.813
2008.852709472 -69.957
2008.876738009 -69.365
2008.896313373 -70.351
2008.917835458 -68.101
2008.917850638 -68.281
2008.934560944 -68.292
2008.954145795 -66.160
2008.954155282 -68.630
2008.978178127 -66.964
2009.000593607 -67.533
2009.000603120 -68.485
2009.022288813 -65.089
2009.044438737 -67.099
2009.044455860 -66.684
2009.065764840 -67.835
2009.285302511 -59.266
2009.285315830 -63.574
2009.329153349 -59.455
2009.394549087 -73.026
2009.500144597 -67.728
2009.500156012 -66.276
2009.515350076 -63.455
2009.586573440 -67.646
2009.728938356 -63.734
