2005.274081050 -66.455
2005.397264079 -69.674
2005.413751903 -70.379
2005.565036149 -71.199
2005.737168950 -68.944
2005.819075342 -67.546
2005.841219559 -66.799
2005.860197869 -66.042
2005.934337900 -68.518
2005.948445586 -65.183
2005.964902968 -70.432
2005.989121005 -67.381
2006.005549848 -70.557
2006.060606925 -67.995
2006.109509132 -67.291
2006.139648021 -65.198
2006.156563927 -67.350
2006.175487062 -69.193
2006.205742009 -65.928
2006.243759513 -66.778
2006.263122146 -66.005
2006.299084855 -67.308
2006.334581431 -66.042
2006.372943303 -67.149
2006.443904110 -71.393
2006.509727930 -70.125
2006.526255708 -69.949
2006.603015601 -68.973
2006.624680365 -68.805
2006.638637747 -71.635
2006.654980974 -70.523
2006.704223744 -74.393
2006.717945205 -71.577
2006.731790335 -74.013
2006.838443683 -71.053
2006.849537671 -71.951
2007.172808219 -66.980
2007.408261035 -77.381
2007.444029680 -70.239
2007.490506088 -72.043
2007.586440259 -71.734
2007.701957763 -71.745
2007.788911720 -71.431
2007.978137367 -70.059
2008.019173118 -70.071
2008.035676609 -66.264
2008.081914086 -65.988
2008.101252277 -64.582
2008.114625076 -68.610
2008.136545613 -65.990
2008.150406041 -66.178
2008.245844718 -67.825
2008.289820507 -67.086
2008.323104508 -67.140
2008.380196949 -68.132
2008.464589026 -78.309
2008.500123330 -67.670
2008.543748103 -69.039
2008.554815574 -71.108
2008.582418792 -73.571
2008.609361718 -70.859
2008.636748634 -72.290
2008.653250228 -72.032
2008.669453931 -73.063
2008.762370978 -67.192
2008.781599120 -69.885
2008.937564511 -68.422
2008.956547890 -66.688
2009.342480974 -68.796
