2005.333774734 -75.087
2005.429539574 -86.378
2005.467897641 -75.861
2005.492631279 -78.453
2005.509176180 -75.332
2005.525684932 -72.475
2005.547408676 -74.563
2005.563839422 -74.636
2005.698200152 -76.085
2005.736480213 -74.054
2005.813245814 -80.712
2005.832486682 -82.361
2005.870768645 -80.637
2005.928304795 -76.150
2005.947446728 -76.099
2005.966609589 -80.512
2005.988515982 -80.528
2006.013245814 -79.151
2006.024233257 -82.315
2006.046078767 -83.576
2006.062515221 -80.027
2006.081660959 -74.948
2006.100842846 -77.739
2006.120062785 -75.629
2006.142178463 -77.279
2006.177608447 -77.061
2006.215873288 -75.212
2006.235136986 -74.881
2006.257087139 -78.811
2006.273514079 -77.739
2006.350180746 -78.392
2006.369360731 -79.782
2006.388535008 -78.088
2006.410509893 -75.185
2006.446067352 -70.007
2006.484412100 -75.493
2006.522751142 -73.396
2006.544737443 -72.066
2006.583184932 -71.016
2006.599512938 -77.343
2006.618673896 -71.638
2006.637924277 -75.892
2006.678976408 -75.286
2006.752912861 -75.862
2006.772144216 -77.074
2006.791261416 -74.426
2006.810483257 -80.950
2006.829640411 -79.642
2006.848864155 -76.436
2006.868066971 -75.611
2006.906394597 -79.298
2006.925549848 -78.220
2006.944765982 -76.137
2006.974895358 -79.649
2007.081718037 -76.822
2007.098175419 -81.163
2007.139271309 -77.863
2007.155707763 -79.384
2007.232410578 -74.421
2007.270753425 -74.958
2007.309115297 -80.503
2007.331084475 -78.799
2007.350190259 -77.418
2007.407726408 -75.394
2007.443339041 -74.409
2007.520121766 -73.510
2007.654358828 -77.355
2007.750213090 -77.982
2007.826938737 -77.702
2007.870793379 -76.136
2007.884471081 -76.097
2007.903704338 -71.043
2007.974824962 -81.516
2008.076035974 -78.278
2008.114219035 -76.079
2008.136152854 -70.162
2008.152565270 -76.741
2008.171649211 -69.353
2008.229016773 -75.037
2008.343784153 -78.709
2008.362923118 -75.437
2008.420309654 -79.403
2008.439458106 -76.777
2008.469476700 -74.539
2008.480413251 -78.693
2008.515922890 -74.540
2008.537790301 -76.956
2008.556906497 -74.283
2008.595119915 -77.086
2008.614308212 -72.517
2008.671757362 -74.708
2008.688091985 -81.896
2008.726354736 -76.637
2008.745550622 -79.294
2008.786407104 -81.053
2008.802840392 -80.595
2008.824654675 -75.833
2008.882026032 -77.492
2008.898937462 -78.540
2008.918059350 -72.984
2008.994093427 -78.972
2009.013314307 -77.471
2009.032435312 -76.884
2009.070810502 -78.389
2009.109153349 -81.829
2009.131021689 -80.962
2009.185799087 -78.562
2009.204996195 -78.301
2009.254322679 -77.997
2009.262549467 -77.044
2009.281733257 -77.689
2009.301149163 -75.634
2009.320108447 -80.635
2009.511883562 -72.695
2009.550243531 -70.461
2009.665321537 -75.799
2009.876198630 -83.111
2009.914589041 -82.303
2010.010492770 -76.496
2010.051596271 -80.159
