# x_interp smoothed_curve trend rsd2
2005.342104 -81.548210 -82.769247 2.563671
2005.361282 -81.929100 -82.815708 2.563671
2005.380460 -82.238940 -82.861960 2.563671
2005.399639 -82.444118 -82.907931 2.563671
2005.418817 -82.525068 -82.953552 2.563671
2005.437995 -82.479278 -82.998749 2.563671
2005.457173 -82.322225 -83.043449 2.563671
2005.476351 -82.085906 -83.087575 2.563671
2005.495529 -81.815016 -83.131053 2.563671
2005.514707 -81.561174 -83.173805 2.563671
2005.533885 -81.375919 -83.215756 2.563671
2005.553063 -81.303474 -83.256830 2.563671
2005.572241 -81.374338 -83.296951 2.563671
2005.591419 -81.600710 -83.336045 2.563671
2005.610597 -81.974494 -83.374038 2.563671
2005.629775 -82.468243 -83.410858 2.563671
2005.648954 -83.038947 -83.446436 2.563671
2005.668132 -83.634111 -83.480704 2.563671
2005.687310 -84.199189 -83.513595 2.563671
2005.706488 -84.685230 -83.545046 2.563671
2005.725666 -85.055539 -83.574992 2.563671
2005.744844 -85.290386 -83.603385 2.563671
2005.764022 -85.388981 -83.630172 2.563671
2005.783200 -85.368579 -83.655302 2.563671
2005.802378 -85.260910 -83.678726 2.563671
2005.821556 -85.106579 -83.700403 2.563671
2005.840734 -84.948408 -83.720295 2.563671
2005.859912 -84.824804 -83.738369 2.563671
2005.879091 -84.764168 -83.754599 2.563671
2005.898269 -84.781153 -83.768960 2.563671
2005.917447 -84.875243 -83.781436 2.563671
2005.936625 -85.031698 -83.792011 2.563671
2005.955803 -85.224575 -83.800681 2.563671
2005.974981 -85.421199 -83.807438 2.563671
2005.994159 -85.587356 -83.812287 2.563671
2006.013337 -85.692338 -83.815233 2.563671
2006.032515 -85.713192 -83.816294 2.563671
2006.051693 -85.637595 -83.815474 2.563671
2006.070871 -85.465209 -83.812815 2.563671
2006.090049 -85.207287 -83.808329 2.563671
2006.109228 -84.884979 -83.802058 2.563671
2006.128406 -84.526457 -83.794033 2.563671
2006.147584 -84.163406 -83.784296 2.563671
2006.166762 -83.827253 -83.772895 2.563671
2006.185940 -83.545517 -83.759880 2.563671
2006.205118 -83.338629 -83.745304 2.563671
2006.224296 -83.217473 -83.729226 2.563671
2006.243474 -83.181843 -83.711706 2.563671
2006.262652 -83.220001 -83.692811 2.563671
2006.281830 -83.309417 -83.672607 2.563671
2006.301008 -83.418745 -83.651166 2.563671
2006.320186 -83.510977 -83.628562 2.563671
2006.339365 -83.547577 -83.604868 2.563671
2006.358543 -83.493291 -83.580157 2.563671
2006.377721 -83.321135 -83.554511 2.563671
2006.396899 -83.016928 -83.528015 2.563671
2006.416077 -82.582730 -83.500738 2.563671
2006.435255 -82.038603 -83.472762 2.563671
2006.454433 -81.422139 -83.444173 2.563671
2006.473611 -80.785598 -83.415052 2.563671
2006.492789 -80.190767 -83.385470 2.563671
2006.511967 -79.702051 -83.355515 2.563671
2006.531145 -79.378536 -83.325260 2.563671
2006.550323 -79.266173 -83.294785 2.563671
2006.569502 -79.391123 -83.264156 2.563671
2006.588680 -79.755402 -83.233462 2.563671
2006.607858 -80.335423 -83.202750 2.563671
2006.627036 -81.084038 -83.172103 2.563671
2006.646214 -81.935649 -83.141574 2.563671
2006.665392 -82.814002 -83.111242 2.563671
2006.684570 -83.641378 -83.081137 2.563671
2006.703748 -84.348182 -83.051337 2.563671
2006.722926 -84.881227 -83.021884 2.563671
2006.742104 -85.209835 -82.992822 2.563671
2006.761282 -85.328766 -82.964196 2.563671
2006.780460 -85.257650 -82.936033 2.563671
2006.799639 -85.037159 -82.908381 2.563671
2006.818817 -84.722472 -82.881260 2.563671
2006.837995 -84.375191 -82.854698 2.563671
2006.857173 -84.054828 -82.828713 2.563671
2006.876351 -83.811135 -82.803324 2.563671
2006.895529 -83.678227 -82.778532 2.563671
2006.914707 -83.671290 -82.754355 2.563671
2006.933885 -83.785969 -82.730788 2.563671
2006.953063 -84.000437 -82.707828 2.563671
2006.972241 -84.279540 -82.685471 2.563671
2006.991419 -84.580277 -82.663702 2.563671
2007.010597 -84.857785 -82.642507 2.563671
2007.029775 -85.070994 -82.621873 2.563671
2007.048954 -85.187265 -82.601775 2.563671
2007.068132 -85.185594 -82.582180 2.563671
2007.087310 -85.058188 -82.563060 2.563671
2007.106488 -84.810379 -82.544387 2.563671
2007.125666 -84.459105 -82.526124 2.563671
2007.144844 -84.030278 -82.508234 2.563671
2007.164022 -83.555401 -82.490676 2.563671
2007.183200 -83.067793 -82.473412 2.563671
2007.202378 -82.598805 -82.456395 2.563671
2007.221556 -82.174348 -82.439574 2.563671
2007.240734 -81.812067 -82.422916 2.563671
2007.259912 -81.519357 -82.406365 2.563671
2007.279091 -81.292575 -82.389871 2.563671
2007.298269 -81.117537 -82.373394 2.563671
2007.317447 -80.971366 -82.356884 2.563671
2007.336625 -80.825661 -82.340293 2.563671
2007.355803 -80.650709 -82.323574 2.563671
2007.374981 -80.420302 -82.306681 2.563671
2007.394159 -80.116563 -82.289571 2.563671
2007.413337 -79.734093 -82.272204 2.563671
2007.432515 -79.282730 -82.254542 2.563671
2007.451693 -78.788340 -82.236543 2.563671
2007.470871 -78.291307 -82.218169 2.563671
2007.490049 -77.842686 -82.199389 2.563671
2007.509228 -77.498335 -82.180173 2.563671
2007.528406 -77.311766 -82.160494 2.563671
2007.547584 -77.326657 -82.140327 2.563671
2007.566762 -77.570131 -82.119652 2.563671
2007.585940 -78.047849 -82.098447 2.563671
2007.605118 -78.741800 -82.076707 2.563671
2007.624296 -79.611166 -82.054416 2.563671
2007.643474 -80.596373 -82.031571 2.563671
2007.662652 -81.625742 -82.008168 2.563671
2007.681830 -82.623892 -81.984214 2.563671
2007.701008 -83.520660 -81.959711 2.563671
2007.720186 -84.259295 -81.934670 2.563671
2007.739365 -84.802720 -81.909105 2.563671
2007.758543 -85.137010 -81.883034 2.563671
2007.777721 -85.271668 -81.856479 2.563671
2007.796899 -85.236749 -81.829466 2.563671
2007.816077 -85.077399 -81.802024 2.563671
2007.835255 -84.846700 -81.774186 2.563671
2007.854433 -84.597972 -81.745987 2.563671
2007.873611 -84.377641 -81.717469 2.563671
2007.892789 -84.219669 -81.688674 2.563671
2007.911967 -84.142202 -81.659642 2.563671
2007.931145 -84.146759 -81.630432 2.563671
2007.950323 -84.219758 -81.601090 2.563671
2007.969502 -84.336034 -81.571668 2.563671
2007.988680 -84.463578 -81.542221 2.563671
2008.007858 -84.568737 -81.512804 2.563671
2008.027036 -84.621113 -81.483477 2.563671
2008.046214 -84.597532 -81.454299 2.563671
2008.065392 -84.484691 -81.425329 2.563671
2008.084570 -84.280297 -81.396629 2.563671
2008.103748 -83.992741 -81.368260 2.563671
2008.122926 -83.639511 -81.340283 2.563671
2008.142104 -83.244648 -81.312758 2.563671
2008.161282 -82.835597 -81.285745 2.563671
2008.180460 -82.439796 -81.259306 2.563671
2008.199639 -82.081316 -81.233497 2.563671
2008.218817 -81.777853 -81.208376 2.563671
2008.237995 -81.538320 -81.183998 2.563671
2008.257173 -81.361274 -81.160418 2.563671
2008.276351 -81.234393 -81.137686 2.563671
2008.295529 -81.135167 -81.115852 2.563671
2008.314707 -81.032880 -81.094962 2.563671
2008.333885 -80.891842 -81.075062 2.563671
2008.353063 -80.675667 -81.056191 2.563671
2008.372241 -80.352211 -81.038389 2.563671
2008.391419 -79.898616 -81.021689 2.563671
2008.410597 -79.305801 -81.006124 2.563671
2008.429775 -78.581691 -80.991722 2.563671
2008.448954 -77.752577 -80.978506 2.563671
2008.468132 -76.862205 -80.966499 2.563671
2008.487310 -75.968456 -80.955718 2.563671
2008.506488 -75.137885 -80.946175 2.563671
2008.525666 -74.438691 -80.937882 2.563671
2008.544844 -73.933018 -80.930843 2.563671
2008.564022 -73.669632 -80.925063 2.563671
2008.583200 -73.678027 -80.920539 2.563671
2008.602378 -73.964840 -80.917267 2.563671
2008.621556 -74.513149 -80.915239 2.563671
2008.640734 -75.284759 -80.914443 2.563671
2008.659912 -76.225169 -80.914865 2.563671
2008.679091 -77.270452 -80.916487 2.563671
2008.698269 -78.355024 -80.919287 2.563671
2008.717447 -79.419130 -80.923243 2.563671
2008.736625 -80.414963 -80.928328 2.563671
2008.755803 -81.310573 -80.934513 2.563671
2008.774981 -82.091125 -80.941768 2.563671
2008.794159 -82.757506 -80.950059 2.563671
2008.813337 -83.322711 -80.959353 2.563671
2008.832515 -83.806790 -80.969620 2.563671
2008.851693 -84.231283 -80.980807 2.563671
2008.870871 -84.614218 -80.992885 2.563671
2008.890049 -84.966364 -81.005813 2.563671
2008.909228 -85.289362 -81.019551 2.563671
2008.928406 -85.575884 -81.034059 2.563671
2008.947584 -85.811614 -81.049296 2.563671
2008.966762 -85.978571 -81.065223 2.563671
2008.985940 -86.059080 -81.081799 2.563671
2009.005118 -86.039660 -81.098986 2.563671
2009.024296 -85.914137 -81.116743 2.563671
2009.043474 -85.685549 -81.135034 2.563671
2009.062652 -85.366548 -81.153824 2.563671
2009.081830 -84.978351 -81.173079 2.563671
2009.101008 -84.548460 -81.192765 2.563671
2009.120186 -84.107539 -81.212846 2.563671
2009.139365 -83.685907 -81.233298 2.563671
2009.158543 -83.310071 -81.254099 2.563671
2009.177721 -82.999700 -81.275221 2.563671
2009.196899 -82.765328 -81.296637 2.563671
2009.216077 -82.606960 -81.318324 2.563671
2009.235255 -82.513691 -81.340271 2.563671
2009.254433 -82.464327 -81.362461 2.563671
2009.273611 -82.429062 -81.384882 2.563671
2009.292789 -82.372093 -81.407524 2.563671
2009.311967 -82.255099 -81.430380 2.563671
2009.331145 -82.041376 -81.453445 2.563671
2009.350323 -81.700357 -81.476718 2.563671
2009.369502 -81.212104 -81.500198 2.563671
2009.388680 -80.571283 -81.523887 2.563671
2009.407858 -79.790076 -81.547792 2.563671
2009.427036 -78.899465 -81.571919 2.563671
2009.446214 -77.948480 -81.596278 2.563671
2009.465392 -77.001177 -81.620884 2.563671
2009.484570 -76.131404 -81.645745 2.563671
2009.503748 -75.415771 -81.670871 2.563671
2009.522926 -74.925551 -81.696291 2.563671
2009.542104 -74.718397 -81.722016 2.563671
2009.561282 -74.831091 -81.748063 2.563671
2009.580460 -75.274291 -81.774452 2.563671
2009.599639 -76.030137 -81.801201 2.563671
2009.618817 -77.053204 -81.828333 2.563671
2009.637995 -78.274797 -81.855866 2.563671
2009.657173 -79.610134 -81.883818 2.563671
2009.676351 -80.967483 -81.912211 2.563671
2009.695529 -82.258052 -81.941066 2.563671
2009.714707 -83.405268 -81.970398 2.563671
2009.733885 -84.352223 -82.000226 2.563671
2009.753063 -85.066312 -82.030564 2.563671
2009.772241 -85.540520 -82.061426 2.563671
2009.791419 -85.791360 -82.092825 2.563671
2009.810597 -85.853923 -82.124770 2.563671
2009.829775 -85.774941 -82.157269 2.563671
2009.848954 -85.604997 -82.190328 2.563671
2009.868132 -85.391073 -82.223950 2.563671
2009.887310 -85.170500 -82.258133 2.563671
2009.906488 -84.967083 -82.292876 2.563671
2009.925666 -84.789768 -82.328172 2.563671
2009.944844 -84.633811 -82.364012 2.563671
2009.964022 -84.484027 -82.400383 2.563671
2009.983200 -84.319424 -82.437270 2.563671
2010.002378 -84.118384 -82.474652 2.563671
2010.021556 -83.863574 -82.512506 2.563671
2010.040734 -83.545874 -82.550806 2.563671
2010.059912 -83.166848 -82.589521 2.563671
2010.079091 -82.739539 -82.628618 2.563671
2010.098269 -82.287586 -82.668057 2.563671
2010.117447 -81.842913 -82.707799 2.563671
2010.136625 -81.442322 -82.747799 2.563671
2010.155803 -81.123451 -82.788009 2.563671
2010.174981 -80.920503 -82.828376 2.563671
2010.202019 -80.786707 -82.867964 2.563671
