# x_interp smoothed_curve trend rsd2
2012.646761 -72.816784 -74.761518 2.489164
2012.665939 -72.804452 -74.837345 2.489164
2012.685117 -72.844740 -74.916191 2.489164
2012.704295 -72.975184 -74.998037 2.489164
2012.723473 -73.223720 -75.082854 2.489164
2012.742651 -73.600887 -75.170610 2.489164
2012.761829 -74.095352 -75.261265 2.489164
2012.781008 -74.673874 -75.354772 2.489164
2012.800186 -75.285853 -75.451079 2.489164
2012.819364 -75.871621 -75.550128 2.489164
2012.838542 -76.372838 -75.651852 2.489164
2012.857720 -76.742871 -75.756180 2.489164
2012.876898 -76.955059 -75.863036 2.489164
2012.896076 -77.007188 -75.972336 2.489164
2012.915254 -76.921330 -76.083993 2.489164
2012.934432 -76.739152 -76.197912 2.489164
2012.953610 -76.513784 -76.313996 2.489164
2012.972788 -76.299980 -76.432139 2.489164
2012.991966 -76.144645 -76.552235 2.489164
2013.011145 -76.079639 -76.674171 2.489164
2013.030323 -76.118195 -76.797830 2.489164
2013.049501 -76.255460 -76.923092 2.489164
2013.068679 -76.472732 -77.049834 2.489164
2013.087857 -76.744173 -77.177928 2.489164
2013.107035 -77.044266 -77.307245 2.489164
2013.126213 -77.354208 -77.437654 2.489164
2013.145391 -77.665753 -77.569018 2.489164
2013.164569 -77.981692 -77.701203 2.489164
2013.183747 -78.313001 -77.834070 2.489164
2013.202925 -78.673496 -77.967480 2.489164
2013.222103 -79.073456 -78.101292 2.489164
2013.241282 -79.513909 -78.235367 2.489164
2013.260460 -79.983110 -78.369564 2.489164
2013.279638 -80.456226 -78.503740 2.489164
2013.298816 -80.898440 -78.637756 2.489164
2013.317994 -81.270871 -78.771472 2.489164
2013.337172 -81.538008 -78.904748 2.489164
2013.356350 -81.674949 -79.037447 2.489164
2013.375528 -81.672754 -79.169433 2.489164
2013.394706 -81.540631 -79.300571 2.489164
2013.413884 -81.304383 -79.430730 2.489164
2013.433062 -81.001391 -79.559778 2.489164
2013.452240 -80.673247 -79.687590 2.489164
2013.471419 -80.357672 -79.814040 2.489164
2013.490597 -80.081557 -79.939007 2.489164
2013.509775 -79.856728 -80.062375 2.489164
2013.528953 -79.679395 -80.184029 2.489164
2013.548131 -79.533430 -80.303852 2.489164
2013.567309 -79.396717 -80.421743 2.489164
2013.586487 -79.249038 -80.537604 2.489164
2013.605665 -79.079630 -80.651333 2.489164
2013.624843 -78.892584 -80.762836 2.489164
2013.644021 -78.708649 -80.872024 2.489164
2013.663199 -78.562860 -80.978811 2.489164
2013.682377 -78.498347 -81.083119 2.489164
2013.701556 -78.557522 -81.184871 2.489164
2013.720734 -78.772568 -81.284002 2.489164
2013.739912 -79.157238 -81.380448 2.489164
2013.759090 -79.701876 -81.474149 2.489164
2013.778268 -80.372838 -81.565055 2.489164
2013.797446 -81.116560 -81.653116 2.489164
2013.816624 -81.867615 -81.738286 2.489164
2013.835802 -82.559150 -81.820530 2.489164
2013.854980 -83.133631 -81.899817 2.489164
2013.874158 -83.551777 -81.976119 2.489164
2013.893336 -83.797908 -82.049412 2.489164
2013.912514 -83.880757 -82.119686 2.489164
2013.931693 -83.829682 -82.186934 2.489164
2013.950871 -83.687256 -82.251149 2.489164
2013.970049 -83.499923 -82.312332 2.489164
2013.989227 -83.308733 -82.370489 2.489164
2014.008405 -83.142102 -82.425633 2.489164
2014.027583 -83.012040 -82.477780 2.489164
2014.046761 -82.914439 -82.526955 2.489164
2014.065939 -82.833100 -82.573184 2.489164
2014.085117 -82.746360 -82.616494 2.489164
2014.104295 -82.634610 -82.656927 2.489164
2014.123473 -82.486842 -82.694526 2.489164
2014.142651 -82.304696 -82.729336 2.489164
2014.161829 -82.103057 -82.761410 2.489164
2014.181008 -81.907145 -82.790803 2.489164
2014.200186 -81.746839 -82.817576 2.489164
2014.219364 -81.649663 -82.841793 2.489164
2014.238542 -81.634159 -82.863522 2.489164
2014.257720 -81.705258 -82.882835 2.489164
2014.276898 -81.852804 -82.899809 2.489164
2014.296076 -82.053587 -82.914522 2.489164
2014.315254 -82.276435 -82.927059 2.489164
2014.334432 -82.489163 -82.937506 2.489164
2014.353610 -82.665722 -82.945950 2.489164
2014.372788 -82.791843 -82.952484 2.489164
2014.391966 -82.867809 -82.957205 2.489164
2014.411145 -82.907661 -82.960208 2.489164
2014.430323 -82.935000 -82.961589 2.489164
2014.449501 -82.976377 -82.961452 2.489164
2014.468679 -83.053799 -82.959903 2.489164
2014.487857 -83.178213 -82.957044 2.489164
2014.507035 -83.345580 -82.952984 2.489164
2014.526213 -83.536566 -82.947829 2.489164
2014.545391 -83.720115 -82.941684 2.489164
2014.564569 -83.860180 -82.934661 2.489164
2014.583747 -83.924171 -82.926869 2.489164
2014.602925 -83.891235 -82.918418 2.489164
2014.622103 -83.758413 -82.909418 2.489164
2014.641282 -83.543191 -82.899977 2.489164
2014.660460 -83.281667 -82.890205 2.489164
2014.679638 -83.022567 -82.880210 2.489164
2014.698816 -82.818224 -82.870099 2.489164
2014.717994 -82.714351 -82.859977 2.489164
2014.737172 -82.740736 -82.849950 2.489164
2014.756350 -82.904837 -82.840120 2.489164
2014.775528 -83.189646 -82.830587 2.489164
2014.794706 -83.556320 -82.821451 2.489164
2014.813884 -83.951067 -82.812806 2.489164
2014.833062 -84.314866 -82.804747 2.489164
2014.852240 -84.594051 -82.797366 2.489164
2014.871419 -84.749583 -82.790748 2.489164
2014.890597 -84.763189 -82.784978 2.489164
2014.909775 -84.639216 -82.780135 2.489164
2014.928953 -84.401980 -82.776295 2.489164
2014.948131 -84.089385 -82.773532 2.489164
2014.967309 -83.744301 -82.771914 2.489164
2014.986487 -83.405679 -82.771504 2.489164
2015.005665 -83.101310 -82.772361 2.489164
2015.024843 -82.843724 -82.774541 2.489164
2015.044021 -82.629946 -82.778093 2.489164
2015.063199 -82.444911 -82.783063 2.489164
2015.082377 -82.267555 -82.789489 2.489164
2015.101556 -82.077948 -82.797407 2.489164
2015.120734 -81.863706 -82.806845 2.489164
2015.139912 -81.624111 -82.817826 2.489164
2015.159090 -81.370975 -82.830371 2.489164
2015.178268 -81.126091 -82.844489 2.489164
2015.197446 -80.915944 -82.860187 2.489164
2015.216624 -80.765053 -82.877466 2.489164
2015.235802 -80.689595 -82.896322 2.489164
2015.254980 -80.692972 -82.916743 2.489164
2015.274158 -80.764449 -82.938714 2.489164
2015.293336 -80.881317 -82.962212 2.489164
2015.312514 -81.014128 -82.987212 2.489164
2015.331693 -81.133834 -83.013679 2.489164
2015.350871 -81.219157 -83.041574 2.489164
2015.370049 -81.262408 -83.070854 2.489164
2015.389227 -81.272313 -83.101466 2.489164
2015.408405 -81.273053 -83.133358 2.489164
2015.427583 -81.299582 -83.166476 2.489164
2015.446761 -81.390157 -83.200751 2.489164
2015.465939 -81.577708 -83.236111 2.489164
2015.485117 -81.881928 -83.272484 2.489164
2015.504295 -82.303868 -83.309795 2.489164
2015.523473 -82.824308 -83.347960 2.489164
2015.542651 -83.406344 -83.386894 2.489164
2015.561829 -84.001688 -83.426508 2.489164
2015.581008 -84.559366 -83.466708 2.489164
2015.600186 -85.034956 -83.507401 2.489164
2015.619364 -85.398376 -83.548488 2.489164
2015.638542 -85.638551 -83.589868 2.489164
2015.657720 -85.763993 -83.631439 2.489164
2015.676898 -85.799219 -83.673097 2.489164
2015.696076 -85.777876 -83.714735 2.489164
2015.715254 -85.734177 -83.756247 2.489164
2015.734432 -85.694611 -83.797525 2.489164
2015.753610 -85.671835 -83.838460 2.489164
2015.772788 -85.662158 -83.878944 2.489164
2015.791966 -85.647174 -83.918869 2.489164
2015.811145 -85.599200 -83.958126 2.489164
2015.830323 -85.489256 -83.996610 2.489164
2015.849501 -85.295751 -84.034216 2.489164
2015.868679 -85.011854 -84.070840 2.489164
2015.887857 -84.649814 -84.106386 2.489164
2015.907035 -84.241104 -84.140749 2.489164
2015.926213 -83.832290 -84.173832 2.489164
2015.945391 -83.477347 -84.205541 2.489164
2015.964569 -83.228011 -84.235787 2.489164
2015.983747 -83.124191 -84.264484 2.489164
2016.002925 -83.186413 -84.291551 2.489164
2016.022103 -83.411883 -84.316907 2.489164
2016.041282 -83.774933 -84.340478 2.489164
2016.060460 -84.231704 -84.362196 2.489164
2016.079638 -84.727976 -84.381994 2.489164
2016.098816 -85.208490 -84.399817 2.489164
2016.117994 -85.625750 -84.415612 2.489164
2016.137172 -85.946545 -84.429328 2.489164
2016.156350 -86.154986 -84.440921 2.489164
2016.175528 -86.251653 -84.450358 2.489164
2016.194706 -86.249363 -84.457611 2.489164
2016.213884 -86.166809 -84.462654 2.489164
2016.233062 -86.021790 -84.465474 2.489164
2016.252240 -85.825719 -84.466058 2.489164
2016.271419 -85.580802 -84.464398 2.489164
2016.290597 -85.280539 -84.460501 2.489164
2016.309775 -84.913347 -84.454377 2.489164
2016.328953 -84.468354 -84.446041 2.489164
2016.348131 -83.941853 -84.435515 2.489164
2016.367309 -83.342657 -84.422828 2.489164
2016.386487 -82.694906 -84.408016 2.489164
2016.405665 -82.037396 -84.391118 2.489164
2016.424843 -81.419363 -84.372190 2.489164
2016.444021 -80.893423 -84.351282 2.489164
2016.463199 -80.507201 -84.328449 2.489164
2016.482377 -80.295381 -84.303764 2.489164
2016.501556 -80.273942 -84.277298 2.489164
2016.520734 -80.437888 -84.249128 2.489164
2016.539912 -80.762994 -84.219338 2.489164
2016.559090 -81.211180 -84.188015 2.489164
2016.578268 -81.738348 -84.155249 2.489164
2016.597446 -82.302910 -84.121140 2.489164
2016.616624 -82.873087 -84.085789 2.489164
2016.635802 -83.431352 -84.049299 2.489164
2016.654980 -83.975013 -84.011778 2.489164
2016.674158 -84.512847 -83.973338 2.489164
2016.693336 -85.058596 -83.934096 2.489164
2016.712514 -85.622903 -83.894166 2.489164
2016.731693 -86.205661 -83.853667 2.489164
2016.750871 -86.790700 -83.812720 2.489164
2016.770049 -87.344248 -83.771446 2.489164
2016.789227 -87.817793 -83.729969 2.489164
2016.808405 -88.154989 -83.688409 2.489164
2016.827583 -88.301325 -83.646893 2.489164
2016.846761 -88.214626 -83.605551 2.489164
2016.865939 -87.874197 -83.564498 2.489164
2016.885117 -87.286707 -83.523852 2.489164
2016.904295 -86.487480 -83.483737 2.489164
2016.923473 -85.536809 -83.444266 2.489164
2016.942651 -84.511979 -83.405561 2.489164
2016.961829 -83.496467 -83.367741 2.489164
2016.981008 -82.568381 -83.330910 2.489164
2017.000186 -81.790342 -83.295174 2.489164
2017.019364 -81.202556 -83.260638 2.489164
2017.038542 -80.820195 -83.227400 2.489164
2017.057720 -80.635240 -83.195557 2.489164
2017.076898 -80.622016 -83.165200 2.489164
2017.096076 -80.744916 -83.136414 2.489164
2017.115254 -80.966493 -83.109279 2.489164
2017.134432 -81.254107 -83.083868 2.489164
2017.153610 -81.583817 -83.060251 2.489164
2017.172788 -81.940967 -83.038491 2.489164
2017.191966 -82.317721 -83.018646 2.489164
2017.211145 -82.708585 -83.000767 2.489164
2017.230323 -83.105417 -82.984899 2.489164
2017.249501 -83.493496 -82.971077 2.489164
2017.268679 -83.849930 -82.959332 2.489164
2017.287857 -84.145057 -82.949689 2.489164
2017.307035 -84.346671 -82.942168 2.489164
2017.326213 -84.426162 -82.936776 2.489164
2017.345391 -84.365133 -82.933511 2.489164
2017.364569 -84.160805 -82.932374 2.489164
2017.383747 -83.828738 -82.933355 2.489164
2017.402925 -83.401994 -82.936437 2.489164
2017.422103 -82.926669 -82.941595 2.489164
2017.441282 -82.454515 -82.948797 2.489164
2017.460460 -82.034155 -82.958008 2.489164
2017.479638 -81.702720 -82.969181 2.489164
2017.498816 -81.479736 -82.982268 2.489164
2017.517994 -81.364613 -82.997211 2.489164
2017.537172 -81.338361 -83.013948 2.489164
2017.556350 -81.369171 -83.032410 2.489164
2017.575528 -81.420696 -83.052526 2.489164
2017.594706 -81.461187 -83.074219 2.489164
2017.613884 -81.471455 -83.097401 2.489164
2017.633062 -81.449885 -83.121990 2.489164
2017.652240 -81.413274 -83.147898 2.489164
2017.671419 -81.393278 -83.175024 2.489164
2017.690597 -81.429187 -83.203267 2.489164
2017.709775 -81.558569 -83.232530 2.489164
2017.728953 -81.807800 -83.262708 2.489164
2017.748131 -82.184622 -83.293695 2.489164
2017.767309 -82.674380 -83.325384 2.489164
2017.786487 -83.240858 -83.357665 2.489164
2017.805665 -83.831626 -83.390426 2.489164
2017.824843 -84.386850 -83.423555 2.489164
2017.844021 -84.849762 -83.456943 2.489164
2017.863199 -85.176662 -83.490476 2.489164
2017.882377 -85.344394 -83.524043 2.489164
2017.901556 -85.353834 -83.557535 2.489164
2017.920734 -85.228729 -83.590847 2.489164
2017.939912 -85.010273 -83.623868 2.489164
2017.959090 -84.748665 -83.656493 2.489164
2017.978268 -84.493480 -83.688623 2.489164
2017.997446 -84.284875 -83.720160 2.489164
2018.016624 -84.147428 -83.751009 2.489164
2018.035802 -84.087707 -83.781078 2.489164
2018.054980 -84.095831 -83.810279 2.489164
2018.074158 -84.150396 -83.838527 2.489164
2018.093336 -84.225380 -83.865743 2.489164
2018.112514 -84.297290 -83.891854 2.489164
2018.131693 -84.350846 -83.916794 2.489164
2018.150871 -84.381895 -83.940499 2.489164
2018.170049 -84.396998 -83.962910 2.489164
2018.189227 -84.409978 -83.983978 2.489164
2018.208405 -84.436430 -84.003656 2.489164
2018.227583 -84.487722 -84.021902 2.489164
2018.246761 -84.566138 -84.038683 2.489164
2018.265939 -84.662477 -84.053977 2.489164
2018.285117 -84.756878 -84.067759 2.489164
2018.304295 -84.822775 -84.080019 2.489164
2018.323473 -84.833125 -84.090747 2.489164
2018.342651 -84.767433 -84.099943 2.489164
2018.361829 -84.617860 -84.107613 2.489164
2018.381008 -84.392839 -84.113767 2.489164
2018.400186 -84.117176 -84.118424 2.489164
2018.419364 -83.828392 -84.121609 2.489164
2018.438542 -83.569946 -84.123354 2.489164
2018.457720 -83.382738 -84.123693 2.489164
2018.476898 -83.296725 -84.122672 2.489164
2018.496076 -83.324520 -84.120340 2.489164
2018.515254 -83.458460 -84.116747 2.489164
2018.534432 -83.671899 -84.111949 2.489164
2018.553610 -83.924552 -84.106012 2.489164
2018.572788 -84.170758 -84.099010 2.489164
2018.591966 -84.368961 -84.091008 2.489164
2018.611145 -84.490331 -84.082083 2.489164
2018.630323 -84.524630 -84.072314 2.489164
2018.649501 -84.481997 -84.061786 2.489164
2018.668679 -84.390241 -84.050584 2.489164
2018.687857 -84.288178 -84.038792 2.489164
2018.707035 -84.216463 -84.026507 2.489164
2018.726213 -84.207878 -84.013820 2.489164
2018.745391 -84.279223 -84.000825 2.489164
2018.764569 -84.426613 -83.987616 2.489164
2018.783747 -84.625219 -83.974288 2.489164
2018.802925 -84.833570 -83.960935 2.489164
2018.822103 -85.001546 -83.947654 2.489164
2018.841282 -85.080367 -83.934540 2.489164
2018.860460 -85.032501 -83.921686 2.489164
2018.879638 -84.839430 -83.909184 2.489164
2018.898816 -84.505674 -83.897126 2.489164
2018.917994 -84.058304 -83.885601 2.489164
2018.937172 -83.542144 -83.874693 2.489164
2018.956350 -83.011759 -83.864487 2.489164
2018.975528 -82.521969 -83.855063 2.489164
2018.994706 -82.118897 -83.846498 2.489164
2019.013884 -81.833346 -83.838864 2.489164
2019.033062 -81.677725 -83.832231 2.489164
2019.052240 -81.646907 -83.826664 2.489164
2019.071419 -81.722505 -83.822224 2.489164
2019.090597 -81.879314 -83.818966 2.489164
2019.109775 -82.092235 -83.816940 2.489164
2019.128953 -82.341979 -83.816195 2.489164
2019.148131 -82.618202 -83.816773 2.489164
2019.167309 -82.919446 -83.818707 2.489164
2019.186487 -83.250071 -83.822025 2.489164
2019.205665 -83.615109 -83.826754 2.489164
2019.224843 -84.014527 -83.832911 2.489164
2019.244021 -84.438539 -83.840510 2.489164
2019.263199 -84.865346 -83.849563 2.489164
2019.282377 -85.262125 -83.860068 2.489164
2019.301556 -85.589286 -83.872024 2.489164
2019.320734 -85.807169 -83.885420 2.489164
2019.339912 -85.883759 -83.900239 2.489164
2019.359090 -85.801673 -83.916466 2.489164
2019.378268 -85.562738 -83.934080 2.489164
2019.397446 -85.189026 -83.953050 2.489164
2019.416624 -84.719952 -83.973340 2.489164
2019.435802 -84.205937 -83.994915 2.489164
2019.454980 -83.699900 -84.017730 2.489164
2019.474158 -83.248386 -84.041740 2.489164
2019.493336 -82.884224 -84.066895 2.489164
2019.512514 -82.622300 -84.093140 2.489164
2019.531693 -82.459317 -84.120419 2.489164
2019.550871 -82.377561 -84.148672 2.489164
2019.570049 -82.351733 -84.177837 2.489164
2019.589227 -82.357253 -84.207850 2.489164
2019.608405 -82.378038 -84.238646 2.489164
2019.627583 -82.411908 -84.270154 2.489164
2019.646761 -82.472250 -84.302302 2.489164
2019.665939 -82.585466 -84.335025 2.489164
2019.685117 -82.784619 -84.368250 2.489164
2019.704295 -83.100686 -84.401908 2.489164
2019.723473 -83.553305 -84.435930 2.489164
2019.742651 -84.143158 -84.470243 2.489164
2019.761829 -84.847798 -84.504778 2.489164
2019.781008 -85.622016 -84.539467 2.489164
2019.800186 -86.402912 -84.574244 2.489164
2019.819364 -87.118809 -84.609042 2.489164
2019.838542 -87.700327 -84.643799 2.489164
2019.857720 -88.091477 -84.678458 2.489164
2019.876898 -88.258570 -84.712961 2.489164
2019.896076 -88.195233 -84.747249 2.489164
2019.915254 -87.922643 -84.781262 2.489164
2019.934432 -87.485025 -84.814963 2.489164
2019.953610 -86.941412 -84.848311 2.489164
2019.972788 -86.355477 -84.881259 2.489164
2019.991966 -85.785514 -84.913764 2.489164
2020.011145 -85.276489 -84.945801 2.489164
2020.030323 -84.855562 -84.977343 2.489164
2020.049501 -84.531690 -85.008360 2.489164
2020.068679 -84.298969 -85.038832 2.489164
2020.087857 -84.142559 -85.068743 2.489164
2020.107035 -84.045522 -85.098085 2.489164
2020.126213 -83.994844 -85.126846 2.489164
2020.145391 -83.985159 -85.155021 2.489164
2020.164569 -84.019381 -85.182617 2.489164
2020.183747 -84.106215 -85.209645 2.489164
2020.202925 -84.255355 -85.236107 2.489164
2020.222103 -84.471798 -85.262015 2.489164
2020.241282 -84.750842 -85.287392 2.489164
2020.260460 -85.075242 -85.312258 2.489164
2020.279638 -85.415483 -85.336640 2.489164
2020.298816 -85.733317 -85.360571 2.489164
2020.317994 -85.987939 -85.384078 2.489164
2020.337172 -86.143488 -85.407191 2.489164
2020.356350 -86.176181 -85.429955 2.489164
2020.375528 -86.079396 -85.452413 2.489164
2020.394706 -85.865489 -85.474605 2.489164
2020.413884 -85.563827 -85.496578 2.489164
2020.433062 -85.215341 -85.518376 2.489164
2020.452240 -84.864788 -85.540044 2.489164
2020.471419 -84.552369 -85.561634 2.489164
2020.490597 -84.306557 -85.583199 2.489164
2020.509775 -84.139758 -85.604786 2.489164
2020.528953 -84.047758 -85.626447 2.489164
2020.548131 -84.013067 -85.648232 2.489164
2020.567309 -84.011352 -85.670189 2.489164
2020.586487 -84.019462 -85.692371 2.489164
2020.605665 -84.023099 -85.714825 2.489164
2020.624843 -84.022282 -85.737598 2.489164
2020.644021 -84.033203 -85.760733 2.489164
2020.663199 -84.085871 -85.784278 2.489164
2020.682377 -84.217906 -85.808276 2.489164
2020.701556 -84.465743 -85.832761 2.489164
2020.720734 -84.855148 -85.857769 2.489164
2020.739912 -85.393139 -85.883334 2.489164
2020.759090 -86.063191 -85.909484 2.489164
2020.778268 -86.824935 -85.936252 2.489164
2020.797446 -87.618606 -85.963663 2.489164
2020.816624 -88.373526 -85.991732 2.489164
2020.835802 -89.019016 -86.020473 2.489164
2020.854980 -89.495620 -86.049905 2.489164
2020.874158 -89.764406 -86.080036 2.489164
2020.893336 -89.812598 -86.110868 2.489164
2020.912514 -89.654475 -86.142401 2.489164
2020.931693 -89.327498 -86.174632 2.489164
2020.950871 -88.884577 -86.207552 2.489164
2020.970049 -88.384187 -86.241153 2.489164
2020.989227 -87.880378 -86.275419 2.489164
2021.008405 -87.414685 -86.310330 2.489164
2021.027583 -87.011430 -86.345863 2.489164
2021.046761 -86.677099 -86.381990 2.489164
2021.065939 -86.403559 -86.418680 2.489164
2021.085117 -86.174033 -86.455901 2.489164
2021.104295 -85.970201 -86.493616 2.489164
2021.123473 -85.778621 -86.531783 2.489164
2021.142651 -85.594942 -86.570360 2.489164
2021.161829 -85.424960 -86.609301 2.489164
2021.181008 -85.282416 -86.648559 2.489164
2021.200186 -85.184243 -86.688082 2.489164
2021.219364 -85.144594 -86.727818 2.489164
2021.238542 -85.169306 -86.767714 2.489164
2021.257720 -85.252318 -86.807715 2.489164
2021.276898 -85.375115 -86.847765 2.489164
2021.296076 -85.509490 -86.887807 2.489164
2021.315254 -85.623121 -86.927785 2.489164
2021.334432 -85.686716 -86.967642 2.489164
2021.353610 -85.681075 -87.007319 2.489164
2021.372788 -85.602355 -87.046760 2.489164
2021.391966 -85.464218 -87.085911 2.489164
2021.411145 -85.296195 -87.124719 2.489164
2021.430323 -85.138479 -87.163129 2.489164
2021.449501 -85.034214 -87.201088 2.489164
2021.468679 -85.020878 -87.238550 2.489164
2021.487857 -85.122667 -87.275471 2.489164
2021.507035 -85.345552 -87.311802 2.489164
2021.526213 -85.676150 -87.347503 2.489164
2021.545391 -86.084658 -87.382534 2.489164
2021.564569 -86.531214 -87.416858 2.489164
2021.583747 -86.974291 -87.450447 2.489164
2021.602925 -87.379221 -87.483275 2.489164
2021.622103 -87.724935 -87.515317 2.489164
2021.641282 -88.007425 -87.546553 2.489164
2021.660460 -88.239100 -87.576965 2.489164
2021.679638 -88.444228 -87.606541 2.489164
2021.698816 -88.651488 -87.635274 2.489164
2021.717994 -88.885379 -87.663159 2.489164
2021.737172 -89.158492 -87.690199 2.489164
2021.756350 -89.466493 -87.716400 2.489164
2021.775528 -89.787082 -87.741771 2.489164
2021.794706 -90.083321 -87.766326 2.489164
2021.813884 -90.310707 -87.790082 2.489164
2021.833062 -90.426559 -87.813061 2.489164
2021.852240 -90.399706 -87.835289 2.489164
2021.871419 -90.218363 -87.856796 2.489164
2021.890597 -89.894439 -87.877618 2.489164
2021.909775 -89.463260 -87.897793 2.489164
2021.928953 -88.978654 -87.917358 2.489164
2021.948131 -88.504342 -87.936354 2.489164
2021.967309 -88.103329 -87.954833 2.489164
2021.986487 -87.827400 -87.972843 2.489164
2022.005665 -87.708819 -87.990435 2.489164
2022.024843 -87.755805 -88.007662 2.489164
2022.044021 -87.952524 -88.024579 2.489164
2022.063199 -88.263427 -88.041242 2.489164
2022.082377 -88.640823 -88.057709 2.489164
2022.101556 -89.033955 -88.074038 2.489164
2022.120734 -89.397644 -88.090289 2.489164
2022.139912 -89.698718 -88.106521 2.489164
2022.159090 -89.919084 -88.122791 2.489164
2022.178268 -90.055091 -88.139157 2.489164
2022.197446 -90.113716 -88.155678 2.489164
2022.216624 -90.106812 -88.172410 2.489164
2022.235802 -90.045070 -88.189406 2.489164
2022.254980 -89.933317 -88.206720 2.489164
2022.274158 -89.768381 -88.224403 2.489164
2022.293336 -89.540065 -88.242501 2.489164
2022.312514 -89.234954 -88.261060 2.489164
2022.331693 -88.842017 -88.280120 2.489164
2022.350871 -88.358527 -88.299724 2.489164
2022.370049 -87.794634 -88.319909 2.489164
2022.389227 -87.175252 -88.340702 2.489164
2022.408405 -86.538575 -88.362123 2.489164
2022.427583 -85.931270 -88.384204 2.489164
2022.446761 -85.401233 -88.406966 2.489164
2022.465939 -84.989470 -88.430420 2.489164
2022.485117 -84.722889 -88.454574 2.489164
2022.504295 -84.609652 -88.479434 2.489164
2022.523473 -84.638214 -88.504996 2.489164
2022.542651 -84.780394 -88.531258 2.489164
2022.561829 -84.997848 -88.558213 2.489164
2022.581008 -85.250619 -88.585844 2.489164
2022.600186 -85.505873 -88.614131 2.489164
2022.619364 -85.744873 -88.643050 2.489164
2022.638542 -85.966596 -88.672571 2.489164
2022.657720 -86.187132 -88.702662 2.489164
2022.676898 -86.434930 -88.733283 2.489164
2022.696076 -86.742889 -88.764393 2.489164
2022.715254 -87.139028 -88.795944 2.489164
2022.734432 -87.637810 -88.827886 2.489164
2022.753610 -88.234093 -88.860164 2.489164
2022.772788 -88.901157 -88.892721 2.489164
2022.791966 -89.593350 -88.925495 2.489164
2022.811145 -90.252949 -88.958422 2.489164
2022.830323 -90.819873 -88.991436 2.489164
2022.849501 -91.242295 -89.024467 2.489164
2022.868679 -91.485970 -89.057445 2.489164
2022.887857 -91.540390 -89.090295 2.489164
2022.907035 -91.420526 -89.122945 2.489164
2022.926213 -91.163861 -89.155318 2.489164
2022.945391 -90.823411 -89.187339 2.489164
2022.964569 -90.458230 -89.218932 2.489164
2022.983747 -90.123408 -89.250021 2.489164
2023.002925 -89.861573 -89.280530 2.489164
2023.022103 -89.697541 -89.310384 2.489164
2023.041282 -89.636981 -89.339510 2.489164
2023.060460 -89.669073 -89.367835 2.489164
2023.079638 -89.772228 -89.395290 2.489164
2023.098816 -89.921328 -89.421806 2.489164
2023.117994 -90.094638 -89.447317 2.489164
2023.137172 -90.278748 -89.471763 2.489164
2023.156350 -90.470421 -89.495082 2.489164
2023.175528 -90.675015 -89.517219 2.489164
2023.194706 -90.902039 -89.538123 2.489164
2023.213884 -91.159087 -89.557744 2.489164
2023.233062 -91.445807 -89.576040 2.489164
2023.252240 -91.749587 -89.592968 2.489164
2023.271419 -92.044231 -89.608498 2.489164
2023.290597 -92.292164 -89.622602 2.489164
2023.309775 -92.449899 -89.635250 2.489164
2023.328953 -92.475698 -89.646421 2.489164
2023.348131 -92.337766 -89.656104 2.489164
2023.367309 -92.021162 -89.664289 2.489164
2023.386487 -91.531891 -89.670974 2.489164
2023.405665 -90.897165 -89.676161 2.489164
2023.424843 -90.161733 -89.679855 2.489164
2023.444021 -89.381004 -89.682068 2.489164
2023.463199 -88.612407 -89.682819 2.489164
2023.482377 -87.906821 -89.682131 2.489164
2023.501556 -87.301873 -89.680032 2.489164
2023.520734 -86.818449 -89.676555 2.489164
2023.539912 -86.461028 -89.671741 2.489164
2023.559090 -86.221541 -89.665631 2.489164
2023.578268 -86.085655 -89.658274 2.489164
2023.597446 -86.039808 -89.649724 2.489164
2023.616624 -86.077156 -89.640034 2.489164
2023.635802 -86.200857 -89.629265 2.489164
2023.654980 -86.423756 -89.617481 2.489164
2023.674158 -86.764405 -89.604751 2.489164
2023.693336 -87.240264 -89.591144 2.489164
2023.712514 -87.859656 -89.576734 2.489164
2023.731693 -88.614439 -89.561595 2.489164
2023.750871 -89.475287 -89.545805 2.489164
2023.770049 -90.390995 -89.529448 2.489164
2023.789227 -91.292352 -89.512606 2.489164
2023.808405 -92.100201 -89.495359 2.489164
2023.827583 -92.736341 -89.477787 2.489164
2023.846761 -93.135280 -89.459978 2.489164
2023.865939 -93.254590 -89.442017 2.489164
2023.885117 -93.081883 -89.423989 2.489164
2023.904295 -92.637042 -89.405973 2.489164
2023.923473 -91.969309 -89.388056 2.489164
2023.942651 -91.149797 -89.370322 2.489164
2023.961829 -90.260917 -89.352849 2.489164
2023.981008 -89.384775 -89.335715 2.489164
2024.000186 -88.592654 -89.318999 2.489164
2024.019364 -87.937410 -89.302775 2.489164
2024.038542 -87.449903 -89.287115 2.489164
2024.057720 -87.139653 -89.272088 2.489164
2024.076898 -86.999022 -89.257762 2.489164
2024.096076 -87.009514 -89.244200 2.489164
2024.115254 -87.148455 -89.231462 2.489164
2024.134432 -87.394362 -89.219604 2.489164
2024.153610 -87.729808 -89.208677 2.489164
2024.172788 -88.141315 -89.198730 2.489164
2024.191966 -88.616638 -89.189809 2.489164
2024.211145 -89.140515 -89.181955 2.489164
2024.230323 -89.690403 -89.175204 2.489164
2024.249501 -90.233748 -89.169589 2.489164
2024.268679 -90.727991 -89.165137 2.489164
2024.287857 -91.123839 -89.161872 2.489164
2024.307035 -91.371483 -89.159814 2.489164
2024.326213 -91.428685 -89.158978 2.489164
2024.345391 -91.269066 -89.159373 2.489164
2024.364569 -90.888765 -89.161005 2.489164
2024.383747 -90.309851 -89.163881 2.489164
2024.402925 -89.579476 -89.168000 2.489164
2024.422103 -88.764664 -89.173354 2.489164
2024.441282 -87.943521 -89.179932 2.489164
2024.460460 -87.194408 -89.187725 2.489164
2024.479638 -86.585099 -89.196719 2.489164
2024.498816 -86.163953 -89.206891 2.489164
2024.517994 -85.954732 -89.218218 2.489164
2024.537172 -85.955889 -89.230676 2.489164
2024.556350 -86.144261 -89.244237 2.489164
2024.575528 -86.482151 -89.258870 2.489164
2024.594706 -86.926135 -89.274543 2.489164
2024.613884 -87.435604 -89.291221 2.489164
2024.633062 -87.979203 -89.308868 2.489164
2024.652240 -88.537897 -89.327442 2.489164
2024.671419 -89.104210 -89.346903 2.489164
2024.690597 -89.678097 -89.367212 2.489164
2024.709775 -90.260729 -89.388325 2.489164
2024.728953 -90.847939 -89.410200 2.489164
2024.748131 -91.425169 -89.432792 2.489164
2024.767309 -91.965375 -89.456053 2.489164
2024.786487 -92.430677 -89.479937 2.489164
2024.805665 -92.777584 -89.504409 2.489164
2024.824843 -92.964775 -89.529423 2.489164
2024.844021 -92.961791 -89.554935 2.489164
2024.863199 -92.756652 -89.580904 2.489164
2024.882377 -92.360608 -89.607286 2.489164
2024.910450 -91.646816 -89.647533 2.489164
