# x_interp smoothed_curve trend rsd2
2012.713110 -86.965130 -85.665019 1.672832
2012.732288 -87.244665 -85.660523 1.672832
2012.751466 -87.431903 -85.654664 1.672832
2012.770644 -87.536053 -85.647431 1.672832
2012.789822 -87.573825 -85.638815 1.672832
2012.809000 -87.566504 -85.628811 1.672832
2012.828178 -87.536352 -85.617422 1.672832
2012.847357 -87.502977 -85.604646 1.672832
2012.866535 -87.480368 -85.590497 1.672832
2012.885713 -87.475066 -85.574987 1.672832
2012.904891 -87.485840 -85.558132 1.672832
2012.924069 -87.504865 -85.539956 1.672832
2012.943247 -87.520120 -85.520488 1.672832
2012.962425 -87.518479 -85.499752 1.672832
2012.981603 -87.488886 -85.477791 1.672832
2013.000781 -87.424893 -85.454643 1.672832
2013.019959 -87.326105 -85.430349 1.672832
2013.039137 -87.198259 -85.404959 1.672832
2013.058315 -87.051904 -85.378529 1.672832
2013.077494 -86.900023 -85.351106 1.672832
2013.096672 -86.755156 -85.322763 1.672832
2013.115850 -86.626516 -85.293554 1.672832
2013.135028 -86.517856 -85.263551 1.672832
2013.154206 -86.426386 -85.232822 1.672832
2013.173384 -86.343034 -85.201442 1.672832
2013.192562 -86.253928 -85.169484 1.672832
2013.211740 -86.142815 -85.137030 1.672832
2013.230918 -85.993898 -85.104159 1.672832
2013.250096 -85.794569 -85.070957 1.672832
2013.269274 -85.537504 -85.037504 1.672832
2013.288452 -85.221830 -85.003890 1.672832
2013.307631 -84.853187 -84.970201 1.672832
2013.326809 -84.442831 -84.936525 1.672832
2013.345987 -84.006040 -84.902951 1.672832
2013.365165 -83.560242 -84.869570 1.672832
2013.384343 -83.123229 -84.836471 1.672832
2013.403521 -82.711808 -84.803738 1.672832
2013.422699 -82.341032 -84.771468 1.672832
2013.441877 -82.023949 -84.739741 1.672832
2013.461055 -81.771763 -84.708647 1.672832
2013.480233 -81.594047 -84.678270 1.672832
2013.499411 -81.498802 -84.648694 1.672832
2013.518589 -81.492095 -84.620000 1.672832
2013.537768 -81.577260 -84.592267 1.672832
2013.556946 -81.753760 -84.565567 1.672832
2013.576124 -82.016003 -84.539977 1.672832
2013.595302 -82.352433 -84.515569 1.672832
2013.614480 -82.745308 -84.492407 1.672832
2013.633658 -83.171421 -84.470559 1.672832
2013.652836 -83.603823 -84.450078 1.672832
2013.672014 -84.014487 -84.431025 1.672832
2013.691192 -84.377463 -84.413451 1.672832
2013.710370 -84.672114 -84.397404 1.672832
2013.729548 -84.885793 -84.382927 1.672832
2013.748726 -85.015489 -84.370059 1.672832
2013.767905 -85.068071 -84.358837 1.672832
2013.787083 -85.059036 -84.349288 1.672832
2013.806261 -85.009970 -84.341441 1.672832
2013.825439 -84.945113 -84.335313 1.672832
2013.844617 -84.887681 -84.330923 1.672832
2013.863795 -84.856549 -84.328281 1.672832
2013.882973 -84.863908 -84.327396 1.672832
2013.902151 -84.914251 -84.328268 1.672832
2013.921329 -85.004807 -84.330895 1.672832
2013.940507 -85.127222 -84.335271 1.672832
2013.959685 -85.270073 -84.341387 1.672832
2013.978863 -85.421625 -84.349227 1.672832
2013.998042 -85.572225 -84.358769 1.672832
2014.017220 -85.715850 -84.369992 1.672832
2014.036398 -85.850483 -84.382870 1.672832
2014.055576 -85.977323 -84.397373 1.672832
2014.074754 -86.099054 -84.413462 1.672832
2014.093932 -86.217654 -84.431108 1.672832
2014.113110 -86.332237 -84.450266 1.672832
2014.132288 -86.437542 -84.470889 1.672832
2014.151466 -86.523432 -84.492940 1.672832
2014.170644 -86.575531 -84.516361 1.672832
2014.189822 -86.577026 -84.541114 1.672832
2014.209000 -86.511178 -84.567143 1.672832
2014.228178 -86.364146 -84.594389 1.672832
2014.247357 -86.127569 -84.622805 1.672832
2014.266535 -85.800350 -84.652334 1.672832
2014.285713 -85.389403 -84.682920 1.672832
2014.304891 -84.909215 -84.714505 1.672832
2014.324069 -84.380373 -84.747034 1.672832
2014.343247 -83.827372 -84.780446 1.672832
2014.362425 -83.276172 -84.814688 1.672832
2014.381603 -82.751923 -84.849702 1.672832
2014.400781 -82.277233 -84.885434 1.672832
2014.419959 -81.871182 -84.921829 1.672832
2014.439137 -81.549045 -84.958834 1.672832
2014.458315 -81.322581 -84.996394 1.672832
2014.477494 -81.200561 -85.034459 1.672832
2014.496672 -81.189214 -85.072986 1.672832
2014.515850 -81.292301 -85.111917 1.672832
2014.535028 -81.510770 -85.151212 1.672832
2014.554206 -81.841939 -85.190830 1.672832
2014.573384 -82.278494 -85.230726 1.672832
2014.592562 -82.807653 -85.270864 1.672832
2014.611740 -83.410809 -85.311205 1.672832
2014.630918 -84.063998 -85.351717 1.672832
2014.650096 -84.739297 -85.392366 1.672832
2014.669274 -85.407104 -85.433128 1.672832
2014.688452 -86.038984 -85.473970 1.672832
2014.707631 -86.610672 -85.514874 1.672832
2014.726809 -87.104627 -85.555810 1.672832
2014.745987 -87.511746 -85.596767 1.672832
2014.765165 -87.831756 -85.637724 1.672832
2014.784343 -88.072288 -85.678665 1.672832
2014.803521 -88.246700 -85.719584 1.672832
2014.822699 -88.371076 -85.760464 1.672832
2014.841877 -88.460979 -85.801303 1.672832
2014.861055 -88.528550 -85.842090 1.672832
2014.880233 -88.580552 -85.882823 1.672832
2014.899411 -88.617692 -85.923499 1.672832
2014.918589 -88.635342 -85.964120 1.672832
2014.937768 -88.625449 -86.004681 1.672832
2014.956946 -88.579230 -86.045181 1.672832
2014.976124 -88.490025 -86.085629 1.672832
2014.995302 -88.355675 -86.126024 1.672832
2015.014480 -88.179925 -86.166373 1.672832
2015.033658 -87.972503 -86.206679 1.672832
2015.052836 -87.747863 -86.246943 1.672832
2015.072014 -87.522845 -86.287178 1.672832
2015.091192 -87.313664 -86.327378 1.672832
2015.110370 -87.132956 -86.367556 1.672832
2015.129548 -86.987359 -86.407706 1.672832
2015.148726 -86.876223 -86.447841 1.672832
2015.167905 -86.791608 -86.487957 1.672832
2015.187083 -86.719657 -86.528057 1.672832
2015.206261 -86.642983 -86.568141 1.672832
2015.225439 -86.543658 -86.608210 1.672832
2015.244617 -86.406214 -86.648259 1.672832
2015.263795 -86.220132 -86.688286 1.672832
2015.282973 -85.981404 -86.728284 1.672832
2015.302151 -85.692997 -86.768244 1.672832
2015.321329 -85.364248 -86.808162 1.672832
2015.340507 -85.009422 -86.848022 1.672832
2015.359685 -84.645847 -86.887812 1.672832
2015.378863 -84.292018 -86.927520 1.672832
2015.398042 -83.966019 -86.967127 1.672832
2015.417220 -83.684495 -87.006613 1.672832
2015.436398 -83.462197 -87.045961 1.672832
2015.455576 -83.311953 -87.085143 1.672832
2015.474754 -83.244840 -87.124137 1.672832
2015.493932 -83.270242 -87.162917 1.672832
2015.513110 -83.395568 -87.201454 1.672832
2015.532288 -83.625531 -87.239718 1.672832
2015.551466 -83.961046 -87.277673 1.672832
2015.570644 -84.397992 -87.315297 1.672832
2015.589822 -84.926117 -87.352542 1.672832
2015.609000 -85.528576 -87.389372 1.672832
2015.628178 -86.182302 -87.425759 1.672832
2015.647357 -86.859372 -87.461660 1.672832
2015.666535 -87.529372 -87.497039 1.672832
2015.685713 -88.162406 -87.531852 1.672832
2015.704891 -88.732326 -87.566060 1.672832
2015.724069 -89.219599 -87.599619 1.672832
2015.743247 -89.613335 -87.632496 1.672832
2015.762425 -89.911996 -87.664646 1.672832
2015.781603 -90.122721 -87.696028 1.672832
2015.800781 -90.259315 -87.726606 1.672832
2015.819959 -90.339272 -87.756341 1.672832
2015.839137 -90.380407 -87.785189 1.672832
2015.858315 -90.397751 -87.813121 1.672832
2015.877494 -90.401234 -87.840101 1.672832
2015.896672 -90.394646 -87.866094 1.672832
2015.915850 -90.375973 -87.891065 1.672832
2015.935028 -90.339019 -87.914987 1.672832
2015.954206 -90.275886 -87.937836 1.672832
2015.973384 -90.179736 -87.959581 1.672832
2015.992562 -90.047264 -87.980202 1.672832
2016.011740 -89.880273 -87.999683 1.672832
2016.030918 -89.686027 -88.018004 1.672832
2016.050096 -89.476326 -88.035151 1.672832
2016.069274 -89.265459 -88.051112 1.672832
2016.088452 -89.067519 -88.065882 1.672832
2016.107631 -88.893621 -88.079454 1.672832
2016.126809 -88.749648 -88.091829 1.672832
2016.145987 -88.635004 -88.103015 1.672832
2016.165165 -88.542606 -88.113008 1.672832
2016.184343 -88.460197 -88.121825 1.672832
2016.203521 -88.372627 -88.129476 1.672832
2016.222699 -88.264718 -88.135985 1.672832
2016.241877 -88.124082 -88.141364 1.672832
2016.261055 -87.943425 -88.145640 1.672832
2016.280233 -87.721864 -88.148843 1.672832
2016.299411 -87.465081 -88.151002 1.672832
2016.318589 -87.184380 -88.152153 1.672832
2016.337768 -86.894885 -88.152331 1.672832
2016.356946 -86.613311 -88.151580 1.672832
2016.376124 -86.355755 -88.149943 1.672832
2016.395302 -86.135934 -88.147463 1.672832
2016.414480 -85.964130 -88.144192 1.672832
2016.433658 -85.846901 -88.140184 1.672832
2016.452836 -85.787447 -88.135490 1.672832
2016.472014 -85.786393 -88.130162 1.672832
2016.491192 -85.842628 -88.124263 1.672832
2016.510370 -85.953908 -88.117853 1.672832
2016.529548 -86.117033 -88.110992 1.672832
2016.548726 -86.327560 -88.103738 1.672832
2016.567905 -86.579209 -88.096147 1.672832
2016.587083 -86.863216 -88.088298 1.672832
2016.606261 -87.167911 -88.080249 1.672832
2016.625439 -87.478908 -88.072059 1.672832
2016.644617 -87.780012 -88.063794 1.672832
2016.663795 -88.054834 -88.055518 1.672832
2016.682973 -88.288902 -88.047291 1.672832
2016.702151 -88.471908 -88.039173 1.672832
2016.721329 -88.599594 -88.031226 1.672832
2016.740507 -88.674827 -88.023508 1.672832
2016.759685 -88.707544 -88.016075 1.672832
2016.778863 -88.713433 -88.008981 1.672832
2016.798042 -88.711486 -88.002277 1.672832
2016.817220 -88.720823 -87.996016 1.672832
2016.836398 -88.757307 -87.990241 1.672832
2016.855576 -88.830641 -87.984997 1.672832
2016.874754 -88.942472 -87.980325 1.672832
2016.893932 -89.085928 -87.976263 1.672832
2016.913110 -89.246692 -87.972839 1.672832
2016.932288 -89.405486 -87.970090 1.672832
2016.951466 -89.541448 -87.968040 1.672832
2016.970644 -89.635831 -87.966714 1.672832
2016.989822 -89.675286 -87.966130 1.672832
2017.009000 -89.654113 -87.966291 1.672832
2017.028178 -89.575122 -87.967222 1.672832
2017.047357 -89.448815 -87.968920 1.672832
2017.066535 -89.291269 -87.971391 1.672832
2017.085713 -89.120981 -87.974632 1.672832
2017.104891 -88.955414 -87.978633 1.672832
2017.124069 -88.807875 -87.983385 1.672832
2017.143247 -88.685285 -87.988878 1.672832
2017.162425 -88.587235 -87.995080 1.672832
2017.181603 -88.506505 -88.001978 1.672832
2017.200781 -88.430742 -88.009543 1.672832
2017.219959 -88.345034 -88.017744 1.672832
2017.239137 -88.234755 -88.026541 1.672832
2017.258315 -88.088199 -88.035900 1.672832
2017.277494 -87.898456 -88.045778 1.672832
2017.296672 -87.664342 -88.056131 1.672832
2017.315850 -87.390281 -88.066913 1.672832
2017.335028 -87.085336 -88.078071 1.672832
2017.354206 -86.761713 -88.089551 1.672832
2017.373384 -86.433132 -88.101298 1.672832
2017.392562 -86.113429 -88.113257 1.672832
2017.411740 -85.815634 -88.125365 1.672832
2017.430918 -85.551617 -88.137563 1.672832
2017.450096 -85.332190 -88.149789 1.672832
2017.469274 -85.167428 -88.161980 1.672832
2017.488452 -85.066947 -88.174071 1.672832
2017.507631 -85.039842 -88.185998 1.672832
2017.526809 -85.094140 -88.197696 1.672832
2017.545987 -85.235784 -88.209100 1.672832
2017.565165 -85.467308 -88.220148 1.672832
2017.584343 -85.786511 -88.230773 1.672832
2017.603521 -86.185526 -88.240915 1.672832
2017.622699 -86.650579 -88.250512 1.672832
2017.641877 -87.162675 -88.259504 1.672832
2017.661055 -87.699223 -88.267831 1.672832
2017.680233 -88.236389 -88.275439 1.672832
2017.699411 -88.751815 -88.282273 1.672832
2017.718589 -89.227165 -88.288277 1.672832
2017.737768 -89.650063 -88.293409 1.672832
2017.756946 -90.014929 -88.297619 1.672832
2017.776124 -90.322606 -88.300865 1.672832
2017.795302 -90.578765 -88.303106 1.672832
2017.814480 -90.791453 -88.304301 1.672832
2017.833658 -90.968269 -88.304427 1.672832
2017.852836 -91.113737 -88.303444 1.672832
2017.872014 -91.227570 -88.301327 1.672832
2017.891192 -91.304104 -88.298061 1.672832
2017.910370 -91.333149 -88.293626 1.672832
2017.929548 -91.302124 -88.288007 1.672832
2017.948726 -91.199039 -88.281187 1.672832
2017.967905 -91.015786 -88.273170 1.672832
2017.987083 -90.750952 -88.263954 1.672832
2018.006261 -90.411644 -88.253535 1.672832
2018.025439 -90.013850 -88.241922 1.672832
2018.044617 -89.581178 -88.229130 1.672832
2018.063795 -89.142157 -88.215170 1.672832
2018.082973 -88.726552 -88.200055 1.672832
2018.102151 -88.361346 -88.183818 1.672832
2018.121329 -88.067027 -88.166479 1.672832
2018.140507 -87.854911 -88.148070 1.672832
2018.159685 -87.725867 -88.128621 1.672832
2018.178863 -87.670651 -88.108174 1.672832
2018.198042 -87.671690 -88.086765 1.672832
2018.217220 -87.705961 -88.064440 1.672832
2018.236398 -87.748413 -88.041244 1.672832
2018.255576 -87.775311 -88.017224 1.672832
2018.274754 -87.767020 -87.992432 1.672832
2018.293932 -87.709830 -87.966923 1.672832
2018.313110 -87.596704 -87.940748 1.672832
2018.332288 -87.427054 -87.913969 1.672832
2018.351466 -87.205773 -87.886645 1.672832
2018.370644 -86.941909 -87.858836 1.672832
2018.389822 -86.647333 -87.830604 1.672832
2018.409000 -86.335653 -87.802011 1.672832
2018.428178 -86.021499 -87.773119 1.672832
2018.447357 -85.720148 -87.743996 1.672832
2018.466535 -85.447274 -87.714703 1.672832
2018.485713 -85.218650 -87.685308 1.672832
2018.504891 -85.049529 -87.655873 1.672832
2018.524069 -84.953623 -87.626464 1.672832
2018.543247 -84.941688 -87.597142 1.672832
2018.562425 -85.019931 -87.567973 1.672832
2018.581603 -85.188524 -87.539017 1.672832
2018.600781 -85.440635 -87.510336 1.672832
2018.619959 -85.762294 -87.481988 1.672832
2018.639137 -86.133303 -87.454032 1.672832
2018.658315 -86.529185 -87.426516 1.672832
2018.677494 -86.924014 -87.399511 1.672832
2018.696672 -87.293571 -87.373056 1.672832
2018.715850 -87.618468 -87.347203 1.672832
2018.735028 -87.886533 -87.322002 1.672832
2018.754206 -88.094047 -87.297501 1.672832
2018.773384 -88.245573 -87.273746 1.672832
2018.792562 -88.352371 -87.250767 1.672832
2018.811740 -88.429734 -87.228610 1.672832
2018.830918 -88.493652 -87.207308 1.672832
2018.850096 -88.557554 -87.186897 1.672832
2018.869274 -88.629682 -87.167404 1.672832
2018.888452 -88.711656 -87.148855 1.672832
2018.907631 -88.798475 -87.131275 1.672832
2018.926809 -88.879924 -87.114689 1.672832
2018.945987 -88.943070 -87.099120 1.672832
2018.965165 -88.975303 -87.084571 1.672832
2018.984343 -88.967329 -87.071065 1.672832
2019.003521 -88.915370 -87.058614 1.672832
2019.022699 -88.822210 -87.047226 1.672832
2019.041877 -88.696810 -87.036906 1.672832
2019.061055 -88.552594 -87.027650 1.672832
2019.080233 -88.404779 -87.019472 1.672832
2019.099411 -88.267229 -87.012361 1.672832
2019.118589 -88.149591 -87.006318 1.672832
2019.137768 -88.055195 -87.001341 1.672832
2019.156946 -87.980179 -86.997420 1.672832
2019.176124 -87.914018 -86.994544 1.672832
2019.195302 -87.841297 -86.992702 1.672832
2019.214480 -87.744416 -86.991884 1.672832
2019.233658 -87.606642 -86.992077 1.672832
2019.252836 -87.415000 -86.993263 1.672832
2019.272014 -87.162457 -86.995425 1.672832
2019.291192 -86.849085 -86.998550 1.672832
2019.310370 -86.482073 -87.002617 1.672832
2019.329548 -86.074743 -87.007611 1.672832
2019.348726 -85.644827 -87.013502 1.672832
2019.367905 -85.212481 -87.020279 1.672832
2019.387083 -84.798331 -87.027918 1.672832
2019.406261 -84.421972 -87.036397 1.672832
2019.425439 -84.101001 -87.045695 1.672832
2019.444617 -83.850594 -87.055791 1.672832
2019.463795 -83.683443 -87.066663 1.672832
2019.482973 -83.609799 -87.078287 1.672832
2019.502151 -83.637380 -87.090644 1.672832
2019.521329 -83.770932 -87.103716 1.672832
2019.540507 -84.011439 -87.117474 1.672832
2019.559685 -84.355136 -87.131903 1.672832
2019.578863 -84.792535 -87.146988 1.672832
2019.598042 -85.307847 -87.162697 1.672832
2019.617220 -85.879169 -87.179024 1.672832
2019.636398 -86.479538 -87.195944 1.672832
2019.655576 -87.079003 -87.213438 1.672832
2019.674754 -87.647472 -87.231493 1.672832
2019.693932 -88.157922 -87.250089 1.672832
2019.713110 -88.589520 -87.269217 1.672832
2019.732288 -88.930011 -87.288851 1.672832
2019.751466 -89.176996 -87.308988 1.672832
2019.770644 -89.337712 -87.329608 1.672832
2019.789822 -89.427402 -87.350703 1.672832
2019.809000 -89.466433 -87.372258 1.672832
2019.828178 -89.476740 -87.394262 1.672832
2019.847357 -89.478185 -87.416704 1.672832
2019.866535 -89.485504 -87.439574 1.672832
2019.885713 -89.506390 -87.462864 1.672832
2019.904891 -89.541025 -87.486561 1.672832
2019.924069 -89.583095 -87.510661 1.672832
2019.943247 -89.622014 -87.535157 1.672832
2019.962425 -89.645831 -87.560028 1.672832
2019.981603 -89.644276 -87.585281 1.672832
2020.000781 -89.611134 -87.610904 1.672832
2020.019959 -89.545628 -87.636890 1.672832
2020.039137 -89.452436 -87.663229 1.672832
2020.058315 -89.340406 -87.689913 1.672832
2020.077494 -89.220287 -87.716942 1.672832
2020.096672 -89.101941 -87.744304 1.672832
2020.115850 -88.991736 -87.771994 1.672832
2020.135028 -88.890618 -87.800003 1.672832
2020.154206 -88.793347 -87.828322 1.672832
2020.173384 -88.689042 -87.856943 1.672832
2020.192562 -88.562968 -87.885860 1.672832
2020.211740 -88.399183 -87.915067 1.672832
2020.230918 -88.183574 -87.944551 1.672832
2020.250096 -87.906687 -87.974305 1.672832
2020.269274 -87.565819 -88.004319 1.672832
2020.288452 -87.166050 -88.034581 1.672832
2020.307631 -86.720076 -88.065082 1.672832
2020.326809 -86.246946 -88.095811 1.672832
2020.345987 -85.770032 -88.126756 1.672832
2020.365165 -85.314632 -88.157906 1.672832
2020.384343 -84.905661 -88.189247 1.672832
2020.403521 -84.565762 -88.220766 1.672832
2020.422699 -84.314068 -88.252451 1.672832
2020.441877 -84.165578 -88.284287 1.672832
2020.461055 -84.131065 -88.316260 1.672832
2020.480233 -84.217208 -88.348355 1.672832
2020.499411 -84.426720 -88.380558 1.672832
2020.518589 -84.758227 -88.412853 1.672832
2020.537768 -85.205863 -88.445223 1.672832
2020.556946 -85.758644 -88.477654 1.672832
2020.576124 -86.399855 -88.510128 1.672832
2020.595302 -87.106779 -88.542627 1.672832
2020.614480 -87.851077 -88.575140 1.672832
2020.633658 -88.600033 -88.607647 1.672832
2020.652836 -89.318735 -88.640130 1.672832
2020.672014 -89.973026 -88.672573 1.672832
2020.691192 -90.532840 -88.704964 1.672832
2020.710370 -90.975438 -88.737285 1.672832
2020.729548 -91.287975 -88.769518 1.672832
2020.748726 -91.468927 -88.801652 1.672832
2020.767905 -91.528028 -88.833668 1.672832
2020.787083 -91.484702 -88.865550 1.672832
2020.806261 -91.365191 -88.897290 1.672832
2020.825439 -91.198810 -88.928869 1.672832
2020.844617 -91.014041 -88.960276 1.672832
2020.863795 -90.835035 -88.991499 1.672832
2020.882973 -90.679164 -89.022529 1.672832
2020.902151 -90.555946 -89.053351 1.672832
2020.921329 -90.467473 -89.083955 1.672832
2020.940507 -90.410090 -89.114336 1.672832
2020.959685 -90.376887 -89.144485 1.672832
2020.978863 -90.360413 -89.174392 1.672832
2020.998042 -90.355000 -89.204056 1.672832
2021.017220 -90.358133 -89.233459 1.672832
2021.036398 -90.370709 -89.262610 1.672832
2021.055576 -90.396004 -89.291498 1.672832
2021.074754 -90.437791 -89.320126 1.672832
2021.093932 -90.497974 -89.348487 1.672832
2021.113110 -90.574392 -89.376583 1.672832
2021.132288 -90.659318 -89.404415 1.672832
2021.151466 -90.739092 -89.431984 1.672832
2021.170644 -90.795048 -89.459289 1.672832
2021.189822 -90.805662 -89.486334 1.672832
2021.209000 -90.749538 -89.513123 1.672832
2021.228178 -90.608721 -89.539655 1.672832
2021.247357 -90.371752 -89.565945 1.672832
2021.266535 -90.035877 -89.591993 1.672832
2021.285713 -89.608090 -89.617807 1.672832
2021.304891 -89.104832 -89.643394 1.672832
2021.324069 -88.550454 -89.668758 1.672832
2021.343247 -87.974777 -89.693909 1.672832
2021.362425 -87.410173 -89.718853 1.672832
2021.381603 -86.888689 -89.743599 1.672832
2021.400781 -86.439580 -89.768158 1.672832
2021.419959 -86.087551 -89.792534 1.672832
2021.439137 -85.851750 -89.816738 1.672832
2021.458315 -85.745423 -89.840777 1.672832
2021.477494 -85.775989 -89.864660 1.672832
2021.496672 -85.945267 -89.888394 1.672832
2021.515850 -86.249623 -89.911986 1.672832
2021.535028 -86.679920 -89.935445 1.672832
2021.554206 -87.221314 -89.958777 1.672832
2021.573384 -87.853065 -89.981989 1.672832
2021.592562 -88.548655 -90.005084 1.672832
2021.611740 -89.276489 -90.028061 1.672832
2021.630918 -90.001407 -90.050936 1.672832
2021.650096 -90.686995 -90.073708 1.672832
2021.669274 -91.298626 -90.096376 1.672832
2021.688452 -91.806830 -90.118945 1.672832
2021.707631 -92.190481 -90.141415 1.672832
2021.726809 -92.439278 -90.163782 1.672832
2021.745987 -92.555020 -90.186047 1.672832
2021.765165 -92.551341 -90.208208 1.672832
2021.784343 -92.451852 -90.230260 1.672832
2021.803521 -92.286919 -90.252199 1.672832
2021.822699 -92.089527 -90.274021 1.672832
2021.841877 -91.890918 -90.295717 1.672832
2021.861055 -91.716688 -90.317279 1.672832
2021.880233 -91.583989 -90.338698 1.672832
2021.899411 -91.500252 -90.359965 1.672832
2021.918589 -91.463561 -90.381064 1.672832
2021.937768 -91.464541 -90.401989 1.672832
2021.956946 -91.489264 -90.422726 1.672832
2021.976124 -91.522594 -90.443258 1.672832
2021.995302 -91.551277 -90.463573 1.672832
2022.014480 -91.566185 -90.483655 1.672832
2022.033658 -91.563349 -90.503487 1.672832
2022.052836 -91.543657 -90.523054 1.672832
2022.072014 -91.511401 -90.542334 1.672832
2022.091192 -91.472104 -90.561313 1.672832
2022.110370 -91.430160 -90.579971 1.672832
2022.129548 -91.386872 -90.598290 1.672832
2022.148726 -91.339354 -90.616251 1.672832
2022.167905 -91.280535 -90.633833 1.672832
2022.187083 -91.200286 -90.651022 1.672832
2022.206261 -91.087382 -90.667796 1.672832
2022.225439 -90.931913 -90.684134 1.672832
2022.244617 -90.727610 -90.700021 1.672832
2022.263795 -90.473563 -90.715439 1.672832
2022.282973 -90.175049 -90.730367 1.672832
2022.302151 -89.843282 -90.744792 1.672832
2022.321329 -89.494182 -90.758697 1.672832
2022.340507 -89.146460 -90.772063 1.672832
2022.359685 -88.819429 -90.784879 1.672832
2022.378863 -88.530941 -90.797130 1.672832
2022.398042 -88.295862 -90.808803 1.672832
2022.417220 -88.125249 -90.819888 1.672832
2022.436398 -88.026262 -90.830374 1.672832
2022.455576 -88.002653 -90.840250 1.672832
2022.474754 -88.055538 -90.849510 1.672832
2022.493932 -88.184122 -90.858150 1.672832
2022.513110 -88.386106 -90.866163 1.672832
2022.532288 -88.657626 -90.873550 1.672832
2022.551466 -88.992738 -90.880305 1.672832
2022.570644 -89.382647 -90.886421 1.672832
2022.589822 -89.815031 -90.891916 1.672832
2022.609000 -90.273674 -90.896782 1.672832
2022.628178 -90.738908 -90.901029 1.672832
2022.647357 -91.188819 -90.904662 1.672832
2022.666535 -91.601275 -90.907691 1.672832
2022.685713 -91.956460 -90.910123 1.672832
2022.704891 -92.239526 -90.911977 1.672832
2022.724069 -92.442763 -90.913259 1.672832
2022.743247 -92.566926 -90.913989 1.672832
2022.762425 -92.621243 -90.914183 1.672832
2022.781603 -92.622090 -90.913857 1.672832
2022.800781 -92.590422 -90.913032 1.672832
2022.819959 -92.548401 -90.911730 1.672832
2022.839137 -92.515791 -90.909974 1.672832
2022.858315 -92.506773 -90.907790 1.672832
2022.877494 -92.527791 -90.905201 1.672832
2022.896672 -92.576805 -90.902234 1.672832
2022.915850 -92.644112 -90.898917 1.672832
2022.935028 -92.714530 -90.895277 1.672832
2022.954206 -92.770539 -90.891345 1.672832
2022.973384 -92.795731 -90.887151 1.672832
2022.992562 -92.777900 -90.882725 1.672832
2023.011740 -92.711172 -90.878093 1.672832
2023.030918 -92.596821 -90.873297 1.672832
2023.050096 -92.442572 -90.868366 1.672832
2023.069274 -92.260674 -90.863327 1.672832
2023.088452 -92.065148 -90.858216 1.672832
2023.107631 -91.868767 -90.853068 1.672832
2023.126809 -91.680451 -90.847913 1.672832
2023.145987 -91.503568 -90.842783 1.672832
2023.165165 -91.335475 -90.837707 1.672832
2023.184343 -91.168342 -90.832720 1.672832
2023.203521 -90.991048 -90.827854 1.672832
2023.222699 -90.791722 -90.823134 1.672832
2023.241877 -90.560420 -90.818594 1.672832
2023.261055 -90.291364 -90.814261 1.672832
2023.280233 -89.984367 -90.810162 1.672832
2023.299411 -89.645212 -90.806322 1.672832
2023.318589 -89.285004 -90.802768 1.672832
2023.337768 -88.918713 -90.799524 1.672832
2023.356946 -88.563279 -90.796613 1.672832
2023.376124 -88.235697 -90.794057 1.672832
2023.395302 -87.951449 -90.791874 1.672832
2023.414480 -87.723519 -90.790085 1.672832
2023.433658 -87.562030 -90.788707 1.672832
2023.452836 -87.474422 -90.787753 1.672832
2023.472014 -87.465887 -90.787239 1.672832
2023.491192 -87.539780 -90.787177 1.672832
2023.510370 -87.697747 -90.787580 1.672832
2023.529548 -87.939411 -90.788455 1.672832
2023.548726 -88.261663 -90.789808 1.672832
2023.567905 -88.657713 -90.791646 1.672832
2023.587083 -89.116240 -90.793975 1.672832
2023.606261 -89.620953 -90.796796 1.672832
2023.625439 -90.150924 -90.800110 1.672832
2023.638360 -90.501889 -90.800492 1.672832
