# x_interp smoothed_curve trend
2010.136152 -90.199108 -89.631576
2010.144365 -89.959245 -89.611640
2010.152693 -89.716025 -89.591425
2010.178645 -88.963751 -89.528376
2010.518025 -87.521247 -88.775415
2010.523501 -87.785348 -88.765376
2010.534224 -88.282421 -88.745962
2010.544833 -88.734086 -88.727241
2010.552818 -89.071784 -88.713167
2010.561146 -89.343923 -88.699065
2010.571641 -89.686873 -88.681294
2010.579740 -89.887339 -88.667963
2010.589836 -90.093384 -88.651608
2010.598050 -90.240860 -88.638423
2010.609001 -90.328422 -88.621504
2010.619610 -90.400033 -88.605212
2010.628395 -90.378580 -88.592319
2010.635923 -90.360197 -88.581270
2010.647560 -90.281495 -88.564764
2010.656116 -90.201651 -88.552879
2010.666496 -90.093544 -88.538801
2010.673512 -90.009800 -88.529609
2010.684235 -89.882016 -88.515571
2010.694958 -89.770088 -88.502388
2010.706366 -89.652631 -88.488390
2010.721994 -89.561672 -88.470448
2010.738764 -89.531787 -88.452077
2010.750571 -89.541415 -88.439542
2010.773159 -89.699911 -88.417426
2010.781258 -89.794272 -88.410117
2010.791981 -89.919206 -88.400441
2010.800423 -90.035949 -88.393377
2010.808636 -90.154052 -88.386642
2010.819702 -90.314225 -88.377903
2010.844741 -90.666659 -88.360008
2010.853297 -90.775280 -88.354388
2010.864363 -90.898587 -88.347518
2010.872120 -90.969998 -88.343052
2010.883300 -91.064620 -88.336769
2010.894822 -91.121455 -88.331058
2010.902465 -91.159156 -88.327270
2010.913644 -91.168806 -88.322551
2010.922713 -91.173751 -88.318775
2010.933322 -91.146469 -88.314999
2010.944844 -91.105882 -88.311110
2010.953400 -91.053223 -88.308711
2010.961386 -90.996495 -88.306637
2010.972337 -90.908370 -88.304045
2010.980550 -90.824372 -88.302537
2010.991502 -90.710824 -88.300569
2011.000058 -90.599648 -88.299638
2011.014831 -90.402872 -88.298177
2011.047000 -89.881064 -88.297965
2011.055556 -89.731420 -88.298295
2011.066622 -89.523672 -88.299432
2011.083790 -89.195851 -88.301684
2011.092118 -89.033483 -88.303185
2011.102841 -88.825395 -88.305275
2011.125543 -88.396488 -88.311132
2011.144708 -88.057122 -88.317221
2011.170546 -87.654855 -88.327386
2011.189369 -87.391389 -88.335882
2011.208876 -87.137340 -88.345844
2011.233288 -86.810323 -88.359831
2011.244468 -86.640983 -88.366914
2011.318789 -85.120843 -88.421566
2011.347251 -84.453589 -88.446418
2011.358773 -84.215460 -88.457005
2011.366758 -84.074934 -88.464513
2011.377824 -83.930734 -88.475270
2011.386494 -83.829663 -88.483752
2011.503537 -87.306033 -88.616578
2011.514374 -87.942023 -88.630302
2011.522930 -88.440881 -88.641401
2011.530915 -88.905115 -88.651867
2011.586870 -91.520300 -88.728545
2011.597708 -91.821219 -88.744107
2011.605921 -92.031944 -88.755950
2011.614249 -92.150182 -88.768233
2011.625086 -92.304042 -88.784217
2011.632957 -92.340466 -88.796059
2011.644023 -92.367213 -88.812782
2011.652579 -92.352915 -88.825855
2011.663188 -92.288008 -88.842255
2011.669861 -92.247182 -88.852571
2011.681041 -92.129084 -88.870208
2011.700206 -91.914023 -88.900716
2011.711271 -91.783000 -88.918532
2011.719827 -91.690751 -88.932470
2011.727813 -91.609130 -88.945559
2011.738878 -91.504141 -88.963766
2011.747092 -91.444599 -88.977446
2011.759241 -91.360029 -88.997707
2011.767226 -91.325981 -89.011196
2011.778520 -91.277823 -89.030274
2011.833790 -91.149658 -89.125519
2011.842232 -91.124127 -89.140242
2011.852841 -91.076046 -89.158834
2011.861625 -91.029690 -89.174264
2011.872348 -90.960350 -89.193141
2011.880676 -90.893753 -89.207844
2011.891513 -90.802159 -89.226988
2011.899727 -90.715543 -89.241536
2011.910792 -90.598863 -89.261134
2011.920432 -90.479893 -89.278227
2011.931383 -90.343198 -89.297645
2011.942335 -90.196043 -89.317045
2011.950548 -90.083909 -89.331590
2011.958648 -89.971643 -89.345917
2011.969257 -89.821440 -89.364649
2011.977813 -89.700254 -89.379751
2011.988650 -89.545855 -89.398771
2011.996407 -89.435339 -89.412386
2012.006275 -89.295334 -89.429608
2012.014602 -89.177384 -89.444108
2012.033539 -88.910827 -89.476853
2012.089722 -88.152094 -89.571807
2012.139232 -87.633679 -89.651558
2012.147331 -87.571264 -89.664212
2012.158397 -87.501861 -89.681230
2012.170432 -87.442022 -89.699469
2012.181612 -87.403726 -89.716053
2012.189140 -87.384621 -89.727081
2012.199977 -87.362566 -89.742758
2012.208305 -87.354206 -89.754494
2012.219257 -87.343404 -89.769872
2012.227356 -87.336975 -89.780791
2012.238764 -87.327921 -89.796172
2012.275668 -87.228987 -89.842678
2012.283882 -87.195597 -89.852643
2012.294833 -87.127863 -89.865132
2012.303047 -87.076709 -89.874487
2012.313884 -87.000945 -89.886211
2012.322554 -86.937834 -89.895403
2012.334247 -86.860355 -89.907278
2012.342346 -86.811196 -89.915194
2012.353526 -86.759012 -89.925802
2012.364363 -86.739453 -89.935452
2012.372691 -86.731311 -89.942784
2012.380333 -86.774584 -89.948897
2012.391970 -86.840478 -89.958205
2012.400069 -86.950259 -89.964081
2012.411363 -87.127315 -89.972050
2012.428303 -87.534413 -89.982766
2012.437658 -87.786741 -89.988442
2012.455567 -88.452267 -89.997531
2012.466861 -88.927481 -90.002503
2012.475075 -89.294166 -90.005831
2012.485798 -89.785770 -90.009698
2012.493897 -90.170872 -90.012111
2012.505932 -90.736204 -90.015413
2012.514717 -91.131025 -90.017096
2012.525211 -91.602509 -90.019105
2012.534224 -91.935019 -90.019840
2012.545061 -92.334820 -90.020724
2012.552932 -92.553275 -90.020727
2012.563884 -92.822000 -90.020417
2012.571755 -92.975125 -90.019890
2012.583049 -93.086524 -90.018307
2012.606149 -93.093245 -90.013354
2012.625657 -92.848146 -90.006994
2012.695187 -91.187118 -89.968857
2012.705682 -90.976151 -89.960998
2012.714466 -90.831866 -89.953938
2012.722451 -90.700704 -89.947520
2012.733745 -90.624900 -89.937254
2012.756389 -90.595729 -89.915432
2012.772816 -90.711115 -89.898157
2012.791639 -90.964781 -89.876901
2012.811032 -91.325560 -89.853388
2012.830197 -91.730993 -89.828472
2012.853183 -92.200773 -89.796731
2012.869610 -92.477594 -89.772634
2012.888547 -92.720486 -89.743802
2012.908169 -92.863510 -89.712673
2012.931155 -92.874729 -89.674663
2012.950320 -92.755924 -89.641816
2012.969713 -92.525902 -89.607620
2012.988764 -92.204184 -89.573183
2013.006617 -91.827798 -89.540226
2013.025554 -91.358557 -89.504557
2013.272588 -87.168852 -89.031056
2013.280915 -87.026225 -89.016517
2013.292552 -86.825518 -88.996214
2013.299966 -86.654934 -88.983733
2013.311260 -86.395078 -88.964722
2013.319588 -86.179953 -88.951077
2013.329968 -85.895542 -88.934328
2013.339951 -85.617276 -88.918512
2013.351130 -85.297045 -88.901332
2013.358431 -85.089010 -88.890142
2013.369953 -84.794317 -88.873400
2013.378166 -84.584256 -88.861466
2013.389004 -84.376816 -88.846527
2013.396761 -84.238433 -88.835951
2013.408054 -84.109422 -88.821147
2013.416040 -84.061060 -88.811028
2013.425451 -84.027343 -88.799269
2013.433779 -84.095990 -88.789562
2013.444730 -84.186259 -88.776799
2013.453058 -84.362141 -88.767877
2013.464123 -84.615514 -88.756168
2013.472109 -84.854739 -88.748213
2013.483288 -85.252294 -88.737631
2013.503879 -86.108016 -88.719808
2013.512093 -86.472999 -88.713062
2013.523044 -86.993044 -88.705292
2013.530915 -87.366825 -88.699707
2013.541753 -87.861949 -88.693050
2013.549852 -88.227570 -88.688308
2013.560918 -88.686660 -88.682538
2013.571755 -89.097393 -88.677568
2013.582478 -89.448610 -88.673329
2013.586870 -89.568721 -88.671885
2013.597479 -89.858852 -88.668397
2013.606378 -90.017105 -88.666420
2013.619953 -90.228150 -88.663742
2013.628280 -90.278686 -88.663055
2013.636494 -90.316307 -88.662526
2013.647445 -90.328892 -88.662417
2013.658397 -90.286452 -88.663184
2013.666610 -90.246214 -88.663987
2013.680927 -90.119508 -88.666916
2013.691764 -90.017010 -88.669797
2013.700206 -89.931005 -88.672661
2013.711271 -89.822636 -88.676753
2013.733060 -89.647360 -88.687389
2013.738422 -89.622156 -88.690640
2013.750913 -89.563441 -88.698213
2013.764374 -89.554108 -88.707932
2013.775211 -89.555830 -88.716027
2013.783425 -89.590511 -88.723153
2013.791867 -89.626155 -88.730477
2013.800080 -89.673338 -88.738068
2013.811146 -89.757936 -88.749079
2013.819245 -89.821871 -88.757249
2013.830197 -89.930145 -88.769505
2013.839722 -90.024310 -88.780164
2013.847822 -90.113246 -88.790142
2013.856264 -90.206596 -88.800609
2013.870181 -90.363834 -88.818802
2013.878052 -90.454163 -88.829482
2013.885923 -90.544479 -88.840368
2013.893909 -90.636074 -88.852106
2013.902693 -90.736821 -88.865018
2013.911021 -90.831082 -88.877800
2013.923284 -90.968656 -88.897152
2013.931269 -91.056468 -88.910097
2013.950092 -91.257414 -88.941769
2013.961043 -91.363217 -88.961252
2013.972109 -91.469517 -88.980971
2013.980322 -91.534038 -88.996346
2013.988764 -91.600359 -89.012150
2013.999601 -91.669049 -89.032949
2014.006389 -91.703502 -89.046242
2014.022588 -91.759648 -89.078530
2014.031144 -91.771131 -89.095977
2014.039357 -91.774078 -89.112859
2014.047571 -91.748951 -89.130216
2014.055442 -91.724874 -89.146848
2014.077345 -91.576129 -89.194346
2014.095084 -91.383951 -89.233875
2014.116987 -91.081567 -89.283728
2014.136152 -90.770332 -89.328259
2014.155431 -90.430118 -89.373784
2014.181155 -89.952121 -89.435528
2014.203514 -89.521139 -89.489920
2014.222565 -89.135942 -89.536677
2014.241616 -88.724193 -89.583703
2014.259583 -88.303293 -89.628216
2014.278178 -87.824488 -89.674375
2014.297457 -87.277859 -89.722215
2014.316508 -86.713425 -89.769364
2014.336984 -86.116630 -89.819811
2014.355921 -85.621880 -89.866155
2014.372234 -85.273973 -89.905790
2014.391285 -85.005958 -89.951657
2014.410564 -84.934227 -89.997529
2014.428189 -85.115728 -90.038815
2014.447696 -85.549696 -90.083828
2014.466747 -86.199097 -90.127004
2014.486026 -87.037476 -90.169846
2014.508898 -88.184717 -90.219453
2014.525097 -89.026718 -90.253768
2014.544262 -89.988205 -90.293394
2014.564569 -90.879974 -90.334152
2014.582592 -91.491245 -90.369131
2014.600445 -91.911342 -90.402686
2014.619610 -92.177425 -90.437547
2014.639004 -92.268751 -90.471526
2014.658169 -92.224773 -90.503792
2014.681612 -92.064977 -90.541350
2014.694730 -91.959512 -90.561673
2014.711842 -91.851353 -90.586755
2014.736254 -91.781341 -90.620848
2014.756731 -91.838812 -90.647527
2014.778634 -92.008253 -90.674264
2014.800423 -92.265547 -90.698955
2015.353640 -86.256732 -90.791066
2015.374972 -85.858502 -90.781600
2015.391285 -85.710025 -90.774195
2015.410564 -85.719371 -90.765357
2015.426364 -85.901514 -90.758076
2015.836984 -92.471616 -90.676013
2015.848164 -92.520766 -90.679778
2015.859116 -92.566390 -90.683660
2015.867329 -92.593914 -90.687084
2015.878166 -92.630233 -90.691601
2015.888547 -92.650551 -90.696754
2015.896875 -92.666322 -90.700919
2015.905088 -92.675299 -90.705416
2015.917352 -92.680804 -90.712599
2015.926136 -92.680157 -90.718070
2015.936859 -92.671603 -90.725300
2015.945073 -92.664265 -90.730902
2015.956138 -92.643047 -90.739368
2015.975189 -92.595538 -90.754764
2015.983517 -92.569297 -90.761904
2015.994582 -92.524193 -90.771998
2015.999944 -92.498687 -90.777106
2016.011979 -92.437521 -90.788749
2016.020307 -92.380309 -90.797486
2016.031258 -92.305078 -90.808974
2016.039357 -92.230915 -90.818191
2016.050195 -92.129013 -90.830628
2016.061374 -92.004288 -90.844190
2016.069702 -91.903950 -90.854570
2016.077801 -91.801907 -90.864859
2016.087099 -91.668292 -90.877385
2016.095426 -91.548631 -90.888603
2016.106264 -91.379440 -90.904059
2016.114705 -91.244737 -90.916284
2016.122805 -91.113544 -90.928328
2016.133642 -90.933833 -90.945122
2016.144936 -90.747470 -90.962961
2016.155431 -90.576376 -90.980291
2016.167694 -90.379940 -91.000963
2016.176022 -90.251166 -91.015564
2016.186517 -90.089797 -91.034070
2016.194273 -89.976602 -91.048456
2016.208191 -89.773778 -91.074351
2016.217318 -89.643989 -91.092198
2016.225303 -89.530441 -91.107811
2016.233174 -89.416907 -91.123589
2016.243897 -89.259974 -91.145631
2016.250685 -89.160630 -91.159584
2016.261408 -88.992450 -91.182631
2016.270421 -88.850592 -91.202046
2016.281258 -88.670004 -91.226180
2016.289471 -88.530601 -91.244671
2016.300537 -88.340379 -91.270109
2016.308751 -88.197373 -91.289385
2016.319588 -88.012447 -91.315062
2016.327801 -87.881231 -91.335104
2016.339951 -87.691570 -91.364850
2016.348164 -87.594894 -91.385641
2016.359001 -87.467330 -91.413074
2016.369724 -87.407007 -91.441006
2016.378166 -87.370041 -91.463123
2016.386380 -87.371624 -91.484953
2016.397674 -87.438275 -91.515505
2016.405431 -87.493556 -91.536554
2016.416382 -87.690617 -91.567081
2016.422827 -87.806594 -91.585048
2016.433893 -88.095108 -91.616472
2016.444616 -88.418823 -91.647206
2016.452715 -88.706803 -91.670738
2016.460701 -89.029896 -91.694228
2016.472337 -89.513136 -91.728592
2016.480665 -89.903666 -91.753677
2016.491844 -90.427889 -91.787350
2016.500457 -90.842067 -91.813841
2016.511750 -91.385902 -91.848617
2016.520078 -91.761556 -91.874622
2016.530687 -92.226347 -91.907946
2016.539015 -92.564492 -91.934273
2016.550423 -92.957845 -91.970776
2016.558294 -93.226387 -91.995973
2016.569360 -93.467084 -92.031949
2016.577573 -93.645726 -92.058650
2016.586870 -93.752454 -92.089205
2016.598278 -93.842308 -92.126840
2016.606492 -93.849333 -92.154132
2016.617443 -93.797890 -92.190722
2016.628166 -93.707875 -92.226710
2016.636152 -93.597461 -92.253687
2016.647217 -93.438177 -92.291111
2016.652693 -93.339091 -92.309781
2016.663644 -93.140937 -92.347117
2016.670660 -93.017043 -92.371113
2016.681155 -92.837830 -92.407158
2016.692791 -92.657518 -92.447186
2016.700662 -92.568131 -92.474373
2016.711956 -92.444029 -92.513390
2016.719257 -92.426886 -92.538707
2016.744468 -92.482809 -92.626210
2016.765059 -92.744979 -92.697779
2016.787076 -93.216083 -92.774279
2016.803503 -93.657797 -92.831267
2016.825406 -94.325279 -92.907009
2016.842917 -94.874234 -92.967325
2016.864477 -95.504657 -93.041102
2016.883528 -95.975496 -93.105755
2016.905545 -96.400189 -93.179811
2016.928645 -96.683505 -93.256576
2016.942221 -96.753211 -93.301087
2016.958077 -96.779283 -93.352684
2016.977584 -96.702667 -93.415330
2016.992187 -96.566052 -93.461528
2017.009013 -96.336603 -93.513979
2017.028634 -95.991583 -93.574153
2017.047228 -95.597667 -93.630089
2017.066508 -95.137768 -93.686897
2017.083505 -94.705878 -93.735987
2017.089951 -94.540648 -93.754133
2017.100560 -94.268469 -93.783921
2017.108202 -94.075747 -93.805195
2017.119382 -93.805978 -93.835653
2017.128280 -93.592312 -93.859864
2017.139460 -93.356019 -93.889350
2017.149498 -93.143863 -93.915825
2019.853640 -95.199937 -94.268171
2019.872576 -95.138107 -94.300620
2019.883985 -95.084219 -94.320776
2019.894822 -95.021014 -94.340274
2019.900412 -94.981804 -94.350525
2019.908283 -94.926593 -94.364958
2019.920660 -94.820116 -94.388216
2019.931612 -94.719802 -94.408971
2019.942221 -94.607260 -94.429563
2019.956252 -94.453076 -94.456976
2019.964352 -94.354329 -94.473179
2019.977927 -94.188243 -94.500364
2019.988764 -94.046652 -94.522511
2019.999830 -93.901746 -94.545150
2020.009127 -93.775752 -94.564492
2020.023044 -93.587124 -94.593504
2020.041753 -93.333358 -94.632985
2020.050309 -93.222295 -94.651208
2020.058180 -93.120908 -94.667998
2020.066393 -93.017565 -94.685542
2020.074721 -92.924130 -94.703444
2020.083277 -92.828138 -94.721836
2020.095084 -92.719202 -94.747281
2020.104096 -92.643806 -94.766725
2020.110712 -92.596361 -94.781003
2020.119839 -92.556866 -94.800709
2020.133528 -92.511576 -94.830250
2020.142198 -92.516401 -94.848919
2020.152921 -92.524036 -94.872005
2020.160450 -92.566197 -94.888119
2020.173512 -92.639342 -94.916076
2020.180813 -92.707192 -94.931575
2020.192449 -92.822118 -94.956243
2020.201005 -92.918337 -94.974257
2020.211728 -93.051675 -94.996696
2020.220056 -93.155450 -95.014065
2020.233517 -93.324558 -95.041774
2020.241844 -93.425174 -95.058849
2020.251370 -93.520808 -95.078068
2020.259583 -93.603260 -95.094638
2020.270649 -93.674054 -95.116561
2020.278748 -93.716825 -95.132517
2020.286734 -93.743324 -95.148109
2020.295061 -93.737797 -95.164070
2020.306013 -93.730528 -95.185063
2020.314226 -93.678804 -95.200317
2020.325064 -93.610533 -95.220446
2020.334361 -93.528154 -95.237293
2020.345426 -93.417459 -95.257120
2020.353640 -93.333701 -95.271572
2020.364705 -93.218380 -95.290621
2020.372919 -93.136911 -95.304676
2020.394822 -92.995928 -95.340651
2020.416496 -93.019501 -95.374557
2020.436859 -93.243855 -95.404778
2020.458762 -93.729518 -95.435459
2020.475189 -94.266076 -95.457025
2020.496749 -95.098037 -95.483837
2020.496749 -95.098037 -95.483837
2020.517569 -95.995556 -95.507853
2020.517569 -95.995556 -95.507853
2020.536962 -96.834548 -95.528542
2020.536962 -96.834548 -95.528542
2020.555214 -97.565177 -95.546567
2020.555214 -97.565177 -95.546567
2020.571869 -98.150619 -95.561869
2020.571869 -98.150619 -95.561869
2020.589152 -98.626588 -95.576396
2020.589152 -98.626588 -95.576396
2020.608887 -98.979859 -95.591263
2020.608887 -98.979859 -95.591263
2020.628509 -99.153937 -95.604429
2020.628509 -99.153937 -95.604429
2020.650297 -99.178006 -95.617224
2020.650297 -99.178006 -95.617224
2020.666382 -99.110483 -95.625378
2020.666382 -99.110483 -95.625378
2020.685946 -98.977044 -95.633962
2020.685946 -98.977044 -95.633962
2020.705225 -98.829404 -95.640986
2020.705225 -98.829404 -95.640986
2020.724732 -98.700514 -95.646689
2020.724732 -98.700514 -95.646689
2020.741388 -98.629140 -95.650395
2020.741388 -98.629140 -95.650395
2020.767797 -98.590390 -95.654400
2020.767797 -98.590390 -95.654400
2020.778520 -98.601755 -95.655230
2020.778520 -98.601755 -95.655230
2020.786848 -98.610581 -95.655874
2020.786848 -98.610581 -95.655874
2020.792323 -98.620026 -95.656029
2020.792323 -98.620026 -95.656029
2021.276011 -90.592026 -95.599575
2021.276011 -90.592026 -95.599575
2021.283882 -90.458917 -95.602203
2021.283882 -90.458917 -95.602203
2021.292209 -90.318097 -95.604983
2021.292209 -90.318097 -95.604983
2021.303275 -90.145536 -95.609659
2021.303275 -90.145536 -95.609659
2021.311603 -90.015778 -95.613185
2021.311603 -90.015778 -95.613185
2021.322554 -89.872108 -95.618599
2021.322554 -89.872108 -95.618599
2021.330083 -89.779194 -95.622491
2021.330083 -89.779194 -95.622491
2021.342803 -89.662941 -95.629714
2021.342803 -89.662941 -95.629714
2021.351130 -89.611163 -95.634828
2021.351130 -89.611163 -95.634828
2021.361511 -89.579315 -95.641550
2021.361511 -89.579315 -95.641550
2021.369953 -89.607043 -95.647582
2021.369953 -89.607043 -95.647582
2021.381475 -89.663701 -95.655968
2021.381475 -89.663701 -95.655968
2021.389004 -89.783654 -95.662127
2021.389004 -89.783654 -95.662127
2021.403492 -90.037845 -95.674145
2021.403492 -90.037845 -95.674145
2021.411705 -90.289649 -95.681726
2021.411705 -90.289649 -95.681726
2021.417352 -90.462782 -95.686939
2021.417352 -90.462782 -95.686939
2021.436174 -91.225406 -95.705635
2021.436174 -91.225406 -95.705635
2021.458648 -92.421475 -95.730179
2021.458648 -92.421475 -95.730179
2021.477584 -93.624882 -95.752806
2021.477584 -93.624882 -95.752806
2021.493783 -94.738029 -95.773454
2021.493783 -94.738029 -95.773454
2021.514488 -96.201801 -95.801836
2021.514488 -96.201801 -95.801836
2021.536391 -97.661437 -95.834194
2021.536391 -97.661437 -95.834194
2021.555328 -98.768385 -95.863930
2021.555328 -98.768385 -95.863930
2021.574379 -99.608457 -95.895833
2021.574379 -99.608457 -95.895833
2021.592574 -100.148972 -95.927894
2021.592574 -100.148972 -95.927894
2021.609458 -100.427277 -95.958950
2021.609458 -100.427277 -95.958950
2021.617672 -100.507276 -95.974379
2021.617672 -100.507276 -95.974379
2021.627824 -100.504616 -95.994108
2021.627824 -100.504616 -95.994108
2021.636494 -100.458458 -96.011242
2021.636494 -100.458458 -96.011242
2021.647560 -100.349254 -96.033540
2021.647560 -100.349254 -96.033540
2021.655317 -100.222384 -96.049598
2021.655317 -100.222384 -96.049598
2021.667466 -100.008249 -96.074979
2021.667466 -100.008249 -96.074979
2021.678874 -99.752542 -96.099620
2021.687201 -99.565488 -96.117638
2021.687201 -99.565488 -96.117638
2021.695415 -99.372203 -96.136086
2021.695415 -99.372203 -96.136086
2021.703058 -99.192354 -96.153252
2021.703058 -99.192354 -96.153252
2021.711271 -99.006513 -96.171902
2021.711271 -99.006513 -96.171902
2021.721880 -98.788157 -96.196592
2021.721880 -98.788157 -96.196592
2021.729751 -98.626155 -96.214910
2021.729751 -98.626155 -96.214910
2021.741730 -98.441355 -96.243625
2021.741730 -98.441355 -96.243625
2021.750457 -98.310474 -96.264596
2021.750457 -98.310474 -96.264596
2021.761522 -98.203615 -96.291814
2021.761522 -98.203615 -96.291814
2021.769507 -98.136686 -96.311565
2021.769507 -98.136686 -96.311565
2021.783996 -98.074276 -96.348024
2021.783996 -98.074276 -96.348024
2021.795061 -98.050379 -96.376115
2021.795061 -98.050379 -96.376115
2021.803161 -98.065494 -96.397076
2021.803161 -98.065494 -96.397076
2021.811488 -98.087826 -96.418706
2021.811488 -98.087826 -96.418706
2021.822097 -98.127606 -96.446465
2021.822097 -98.127606 -96.446465
2021.833391 -98.191984 -96.476407
2021.833391 -98.191984 -96.476407
2021.842803 -98.248788 -96.501479
2021.842803 -98.248788 -96.501479
2021.861968 -98.381819 -96.553187
2021.861968 -98.381819 -96.553187
2021.889232 -98.561146 -96.628014
2021.889232 -98.561146 -96.628014
2021.908511 -98.667097 -96.681536
2021.908511 -98.667097 -96.681536
2021.928417 -98.748151 -96.737293
2021.928417 -98.748151 -96.737293
2021.947696 -98.791619 -96.791682
2021.947696 -98.791619 -96.791682
2021.966633 -98.799049 -96.845352
2021.966633 -98.799049 -96.845352
2021.986369 -98.766899 -96.901436
2021.986369 -98.766899 -96.901436
2022.003994 -98.698629 -96.951578
2022.003994 -98.698629 -96.951578
2022.025896 -98.555281 -97.012197
2022.025896 -98.555281 -97.012197
2022.039700 -98.441217 -97.049188
2022.039700 -98.441217 -97.049188
